FID IID trait2 TDI age PC1 PC2 PC3
F1 I1 -0.895434410874153 0.395099207491558 -0.0734428801704504 0.489678461169353 -0.280023347172227 0.237099831675958
F6 I6 0.0391384620674989 -0.244453830311863 -0.225332496352812 -0.158835277918111 0.613349353742745 -0.49531485695185
F9 I9 1.04309085036508 0.416223127626079 0.112492137068951 0.0508842998034462 -0.263024840113477 -0.0177119640978617
F14 I14 -0.0399119778561792 0.209396677922729 -0.218687106735882 -0.0126684018185924 0.366326531070377 0.480369480229201
F18 I18 -0.483035344946771 -0.213333072677457 -0.00378790727183731 0.196014882112575 -0.125421218770287 -0.4917742651411
F34 I34 0.152415663086318 0.289482199316065 0.564673054446849 -0.11320869860564 -0.567777997313099 -0.306826434107569
F51 I51 -0.886019326861182 0.0753926374209526 -0.130194953428403 -0.104064716622374 -0.165924163016872 0.0356698010149206
F55 I55 1.61100897424675 -0.190423331688828 0.138148833994547 -0.342598777685936 0.296913998117369 -0.16151401241288
F69 I69 -0.712013155005782 0.440041783988663 0.611996791807531 -0.655789531340729 0.534716349447265 0.407740267317236
F71 I71 0.790425702482574 0.105474171508038 -0.0832987287558647 0.310709529881619 0.0592208501701298 -0.385141271638658
F74 I74 1.3084366462317 -0.644513667625784 -0.210735126123673 0.500486360671037 0.0590468515624336 -0.225067638264485
F77 I77 -1.71020592355782 0.148304678264711 0.0520287761226809 -0.135500646720695 0.368450238598249 0.498915235645923
F93 I93 -1.02748813054064 0.280588098267049 -0.247320565220069 -0.403803103080942 0.257431509908201 0.149661622042215
F96 I96 -2.40179351827226 -0.129656292701875 0.162244972969361 -0.30967337299497 -0.109916667465504 -0.286820924027745
F111 I111 0.55804016486508 0.349455113387005 -0.689040134309652 -0.450206291415841 0.00133455282546185 -0.360461520944948
F122 I122 -2.02904896942196 -0.602141001766023 0.0773434961900035 0.299261591891781 0.493944592731512 -0.116998653261123
F125 I125 0.0697230143597584 0.870989213697355 0.673949573393512 0.153036982297711 -0.148748060424362 0.267382348225671
F127 I127 -0.576846487456999 -0.319548566301783 0.387021703046483 0.139435802725301 -0.103527075918385 -0.0475547246302998
F128 I128 -0.633347193880142 -0.521966614140061 -0.31170618087079 -0.19502266180387 0.458412247493216 0.108654243136368
F129 I129 -0.875050749910576 0.113443087257257 0.0898771157936038 0.275521904331229 -0.063695047215956 0.411965005315174
F142 I142 -0.0493486039481096 -0.131169333123115 0.185300001250448 -0.190511953361502 -0.0405297391039638 0.374502508912508
F143 I143 -0.483941278436127 -0.00283892384570595 0.00374902074458997 -0.734298191044391 0.139785107058212 0.343126984603592
F144 I144 0.70705783961943 -0.31249124926345 0.138939155111684 -0.223760828621494 -0.244194590671487 -0.182406942944749
F156 I156 0.0274235272536253 0.299957150394025 0.065847513269593 -0.0904335501777765 -0.115446401624544 -0.0526119555946027
F159 I159 -1.1844069019712 0.0555587918886106 0.0427753008439541 0.268070622858071 0.033465982466895 0.161011311683179
F161 I161 -1.45480559364933 0.0362036924622237 -0.216316061755285 0.594324148130238 -0.0350678364888234 -0.513666363313217
F167 I167 0.438587180275206 0.236698638498101 -0.662178432221571 -0.238671585397659 0.0180451124128073 -0.150112253687543
F170 I170 1.02500181507636 -0.227438311561746 0.818517025535465 -0.292646203942626 -0.136255919062377 -0.118470819295217
F174 I174 -0.121110834519815 -0.820227495803015 -0.165209961118652 0.428108870939614 0.292277884815825 -0.505058622526995
F179 I179 -0.460712295725364 -0.501208734574164 0.324180266125269 -0.0249771592056249 -0.32083971971972 -0.595820155673024
F180 I180 0.21699957273267 -0.104865226158996 0.229443079776002 0.123768007859791 0.00209888770378421 -0.201848226717337
F183 I183 1.05762770112969 -0.60330323106886 0.369171574598071 -0.167619408919169 -0.46103293511027 -0.370549021812663
F186 I186 -1.78157597254543 0.5996834644367 0.0973878991350184 0.132344356497284 -0.496494896918266 -0.189274920712015
F187 I187 -0.258857494552955 -0.474842506518058 0.177889161736602 -0.215027796087881 0.149460709052833 0.0220429885293609
F188 I188 0.638063536150794 0.25998640037849 0.438858416764702 -0.0980793486300086 -0.280240447671625 -0.428366056934047
F198 I198 1.35183028095215 -0.254083012428087 0.650919698147674 -0.563655569647562 -0.0854726750441619 -0.0307797101669502
F199 I199 0.925573694039738 -0.185892843350834 -0.521656218070317 0.458976722136686 0.119047792296488 0.113710556456113
F200 I200 0.00707073864576985 0.0232164796299261 -0.589466499583373 -0.024208708907178 0.736192160521727 -0.390448076456066
F202 I202 -0.012809450681013 0.287613379805827 0.403194982306311 0.119280880690922 0.258131531463303 0.23417826574727
F203 I203 1.43465666774174 -0.321736404660265 -0.149577418471944 -0.411764367910249 -0.514012905363798 -0.306497787190098
F206 I206 0.499897700664341 0.28604188394206 0.107812454546817 0.32836130045222 -0.50954392662312 0.0385218896560988
F212 I212 -0.637999598730665 -0.618557243703826 0.0372052088522314 0.337122062486221 0.0431435561947442 0.321115564336996
F213 I213 -0.297221485606595 0.00975072287021741 0.292809661640455 -0.491500224142097 -0.118551750764455 0.184959930200296
F215 I215 -0.94873942309003 0.142085677084484 -0.014641864167558 0.0424475446571802 0.343377440289201 -0.246090446709257
F231 I231 0.123904909740484 -0.0787394909501279 -0.071777892643021 0.146783302941192 0.056721575248478 -0.0857813696655969
F232 I232 2.19204959371923 -0.456319413102791 -0.0594879997046193 -0.0812507947375569 -0.0665202935088244 -0.435953218555945
F234 I234 2.88858795378697 -0.105648367998072 -0.242743566463348 0.578126402065434 -0.545755978234112 -0.0712547893462571
F237 I237 -1.39086415417592 0.144364711105059 0.599447258941579 -0.633733999525493 0.298464845475235 0.0716721276084492
F244 I244 -0.699667111216327 -0.162499553899902 -0.454541641097908 -0.44366620580089 0.416595736848609 0.377688004856064
F246 I246 1.3167205396755 0.706160400474105 -0.164338717497285 -0.213261734918509 0.0251641152753077 -0.0422350272769646
F247 I247 -2.08740508127613 -0.0864595792625269 -0.566749682516072 0.580895820713419 -0.313359513163534 -0.0926145169333873
F248 I248 0.354913269458327 0.0874520497772416 0.180168871723157 0.426248958102555 0.209006771608134 -0.00185783939066384
F250 I250 0.943294617150063 0.314298279044443 1.09872260689807 0.240011383940929 0.0555139939378188 -0.713904894802343
F257 I257 -0.876853195129688 0.194925652926306 -0.107981191297091 0.103042300547046 0.0888624232370016 -0.092355194638221
F258 I258 -0.194864372835578 0.2392799187828 -0.261441790533372 -0.230024014283081 0.518066519259144 -0.350513244231201
F260 I260 0.70530138397815 -0.11188710487171 -0.00286609823374368 -0.101902141953863 -0.417516353898449 -0.126344328063728
F261 I261 -1.00295208480815 0.0184243385150046 -0.0375061350473322 -0.0520774362933076 -0.563184763086004 0.159218143377789
F264 I264 0.925935515168439 -0.369147784826097 0.0344396921764552 0.407037982943726 -0.266959197808066 -0.380327105005052
F265 I265 -1.30323222093642 0.147273672068233 -0.0887580762149881 0.106829585141753 -0.0902978237555704 0.279229670247331
F284 I284 1.58041326141482 -0.369341417160604 0.239884677699459 -0.0081473672187335 -0.434701390184625 0.0739306918180937
F294 I294 -1.74165614172034 -0.0908917159109767 0.410265092031331 -0.91293219271101 -0.16501363655859 0.341718901124272
F295 I295 0.937929183447757 0.105487770655025 -0.144269231371833 0.215234863890366 0.506191354328686 0.735695927132888
F302 I302 -0.0477189869193061 -0.410931429116087 -0.028449589796573 0.585448478049572 -0.0431070147564392 0.330709186097031
F303 I303 1.11010778651327 0.543401003500534 0.0838357025551906 -0.0579904857208451 -0.053848524691449 0.180831568636857
F305 I305 0.411442102170722 0.174073086897604 -0.245508028854709 -0.0519057683585888 0.389193499674859 0.196618411417253
F309 I309 0.308893866117372 -0.140907271731347 0.295546504578192 -0.554189541118529 -0.290809719592069 -0.42276347274381
F314 I314 -1.46421104026986 0.0628196263640402 0.286909291842588 0.252046208291958 0.170053290145095 -0.233180540742144
F319 I319 1.19763528184555 0.0483314115964839 -0.138907625619806 -0.423099261018651 -0.137342730672894 -0.0560910100762307
F335 I335 0.758110373539968 0.140964632696534 -0.547790140857616 -0.0907984745559023 0.434611941059826 0.216457988883756
F336 I336 0.796587878197218 0.170147127070219 0.0927632040970763 0.161359908654993 0.534277998852912 -0.252938021219103
F339 I339 0.165861807877472 0.0459032865368891 -0.29161434258165 0.2063406282258 0.0259192321848175 0.182932094064471
F349 I349 -1.30322634809372 -0.29482792703215 -0.0642316446022372 0.276599097333773 -0.0351566088148307 -0.440399015788474
F355 I355 -1.07101414620031 0.302236658663216 -0.329398128726485 -0.278678589465653 0.166161991549205 -0.0700858091566522
F362 I362 1.92309885004604 -0.140585989201164 -0.0820890593288591 0.0959165609726181 0.517075828733688 0.0458668747167371
F367 I367 0.491315411790393 0.318799184905283 -0.471456940750053 0.610162583080699 0.00949770681722403 -0.0543785583581294
F397 I397 -0.660224171722773 -0.178732258462685 -0.0788085440127647 0.0170685495518071 0.424786462034951 -0.233169603940695
F401 I401 1.07649976117881 0.344875493867345 -0.232951393248061 0.868466502083416 -0.423879346969478 0.529399190160714
F403 I403 -1.17720494309057 -0.113923181268283 0.539264039770919 -0.482861938589439 -0.365547500714395 0.427751900657147
F409 I409 0.273374757354363 -0.0818604127898068 -0.575281923239379 -0.150996286378208 -0.161235748184894 0.0395694696338597
F415 I415 -1.57622074928813 0.0410392275753038 -0.203658995857662 0.08365182108606 -0.0317765365809013 -0.202750152834975
F416 I416 1.90638498175068 -0.161311936670735 0.574350279283727 0.48333512240268 0.097995060243687 -0.0499951840956349
F417 I417 0.284025609083129 -0.0154369134756693 0.215925228312643 0.583379112439677 0.0640871329565355 -0.0736838196921756
F419 I419 0.0186920479026054 0.111458211969421 -0.0016284830427665 -0.292185483164555 -0.0349127275569414 0.487764596259402
F422 I422 0.0259292933470147 0.0997984124223546 -0.131872526607593 -0.0655328672099859 0.275645162322101 -0.045086462432557
F442 I442 -1.10041244953448 -0.268912624916185 -0.150433762999442 -0.215103534609191 0.137274202479949 -0.213172494035659
F445 I445 -0.512351616758153 -0.353608646438897 0.350196864443708 -0.0106030019747136 -0.160489943200124 -0.268062660119809
F456 I456 0.705692104378874 0.0900297239210501 -0.0369995628570235 0.116399262264783 0.238041136676236 0.468269265368397
F476 I476 -1.02328528516918 -0.27180219481927 -0.339513040360711 0.313449063502655 -0.535815985144582 0.170123154730191
F483 I483 1.05067843982884 0.458935107852619 -0.146366800966736 -0.420862368361789 -0.380768556409088 -0.506667875569338
F489 I489 0.00625346435852819 0.218204411895898 0.0480059161311318 0.0712665895969203 0.670853669611256 -0.149240880807929
F491 I491 1.30629455988712 -0.228081257718086 0.224959686993834 0.045622082357602 -0.0518760752471815 0.106094597725153
F502 I502 0.590817061024882 -0.0715686974546706 0.410075336407936 -0.0122225675911084 -0.0324412879464584 0.53867487324688
F515 I515 -0.0107155741662865 -0.218596625908276 -0.439368150221408 0.169051032307545 0.171360918059922 0.223815606347689
F518 I518 -0.0441100799514623 0.20679162483729 0.342287374642978 0.391811100405273 -0.0676823785109177 0.0701987785612566
F521 I521 -0.699243106166245 -0.0668159919447127 0.128765881961818 0.419249594770816 -0.789125974027785 -0.456746956993407
F522 I522 0.472581158636902 0.506917752403312 -0.553040807393321 -0.0521465783542839 0.263816430128279 0.134019800342714
F528 I528 1.64114777479491 0.0607966794599351 0.149683394739443 0.189416423654085 0.159682538403488 0.203757015638233
F534 I534 0.88078380262028 -0.712070835776155 0.0811737394099405 0.290266592730088 0.0614904311149018 0.303467353318163
F538 I538 0.273919432396251 0.0647971569711918 -0.538427634475471 0.0297410835587683 -0.425763196999823 0.187226145263016
F541 I541 1.74828735077739 0.3203704254477 -0.417787631744084 -0.414935759408736 -0.403268380858121 0.381078149294419
F546 I546 0.308065161142783 -0.333012891717855 0.060459518194855 0.18216146219615 0.0867649657155082 -0.0509550003297185
F551 I551 -0.108177453528496 -0.184013368074891 0.277445500514524 0.405392868873446 -0.266831121958709 0.0771348132887417
F552 I552 0.362582972875173 -0.290065483946837 0.207044143519525 -0.21366974286322 0.624814696183242 -0.0352722814161211
F556 I556 0.612362091605899 -0.321985987325855 0.919676504072644 0.513155489996413 0.220251299572735 0.0828826109843423
F559 I559 0.0276537030767714 0.141792212374501 -0.133031835604061 0.247000554217499 0.453472776282797 -0.389771521125753
F563 I563 0.364407832739807 0.412947822154959 0.000298269289065293 -0.190160003429057 0.424597026633568 0.317869633774157
F571 I571 -0.0644967648611774 0.20642403215007 0.291293604175234 0.275844280292259 -0.149894711867368 0.145606785523553
F576 I576 0.514179456783723 -0.424633788053101 0.190650547998299 -0.0824342502317789 -0.248258296596853 0.12221725286419
F582 I582 0.788598984969059 -0.399465809337561 0.006800448829594 -0.529995645550093 -0.16997615680169 0.531221744675534
F584 I584 -0.283471199051511 0.35326153264504 -0.0143440884558608 0.308546297143908 0.557488421453721 -0.263687458105452
F585 I585 -0.052695878509835 0.537561426755748 0.330267658675665 0.564788510691556 -0.285194704865311 0.126812636682083
F590 I590 -0.782983001049753 0.23649584214002 0.138492247772358 -0.28428832148532 0.0415285643437219 -0.246246870265321
F591 I591 -0.225321475689463 0.145437626656682 -0.300288933875419 -0.0277394962527071 -0.091723338248905 0.0620206218831372
F594 I594 3.61815116096235 -0.181011806568344 -0.0827966191556292 0.217924568039498 -0.145437850568964 0.197628497181989
F597 I597 0.366033414145597 0.550739775320217 0.072159074825598 0.318538402817478 -0.148182491153785 -0.298705692615393
F606 I606 0.4350419958209 0.256390970979802 0.117970679538697 0.30560339694393 -0.000805375348332057 -0.0520239996399592
F609 I609 -1.71243087939678 -0.082379712467506 -0.181090095651381 -0.0712018465675607 -0.200598365918307 0.300165492966621
F612 I612 0.226514988231998 0.109837514121901 0.123792488654089 -0.246828926625939 0.108472389836674 0.247263154609597
F613 I613 -1.64837646781457 -0.0411069404844651 0.0281371599134553 0.372884612158856 -0.053479997552893 0.189846609847816
F615 I615 0.900291298808067 0.368706714603564 0.43567239156455 -0.088925743524614 -0.253025152459568 -0.406269624688086
F619 I619 1.18271680147799 0.0382189115612241 -0.0377483642898703 -0.481215960506776 0.0385127981500701 0.400031513197551
F626 I626 -0.672629224966561 0.530840608301633 0.0041061906792711 -0.301335811623201 0.548890160895383 -0.104948998887779
F628 I628 -0.326346406002517 0.775245338225135 0.0976219702297316 -0.574637485713555 0.145723149052437 -0.0644549389893514
F636 I636 -0.529601340022805 0.0436994145638238 -0.0659985721881792 0.551382747739984 0.122008495917433 -0.297353003442635
F640 I640 -0.732591054091147 -0.0855363849135059 0.0590569065983008 0.0203337038528686 0.180527288771464 -0.432343286328988
F646 I646 -0.926543810273299 -0.106271629133661 0.292562931513017 0.443692319954652 -0.231257009828904 0.102930554544129
F660 I660 -2.50735815067967 -0.07792071228974 0.746223477796767 0.137803533816646 -0.3619974659967 0.115448746309246
F664 I664 0.381036874170962 -0.086885504368856 0.146679435769209 -0.393688233949347 -0.450990446361123 -0.0566332267761719
F670 I670 2.88843434776443 -0.0832229702725346 -0.375793212906901 -0.377986087430762 0.45756638262275 0.593747742966096
F671 I671 -1.32320724329647 -0.0288232973376779 -0.336797627693926 0.252138429864963 -0.73248485500854 -0.190696437885794
F679 I679 0.835972117676371 0.238377875115454 -0.0838703417881537 0.127906482137074 -0.274780088484552 -0.367814157227389
F694 I694 0.242820887179269 -0.327293696402215 0.127815041078441 -0.126911957453383 0.184552009335805 -0.284011448751692
F698 I698 -0.281719918693939 0.0873039824028722 -0.388521217973843 -0.883619904347718 -0.156129503520664 0.139534366327827
F706 I706 -0.0648289861626278 -0.15582849026952 0.180272648348608 0.147228210642968 0.0944630258861668 0.396042992384529
F707 I707 0.777592210766529 -0.578275649584118 -0.585258228674888 -0.213222455125951 -0.175597096089666 -0.0805435531402892
F708 I708 1.48561622752241 0.32034307617527 0.387621703413171 -0.0892559276902088 0.275563575823671 -0.334695844822701
F713 I713 0.787240926906417 -0.200982694271534 -0.0311045665273508 0.20054905590737 0.4384578877182 -0.0750317404583316
F714 I714 -0.298480210898353 0.0975633703537422 0.0165132311061418 0.0328923053708612 0.388088485351128 -0.269957364452389
F719 I719 1.23228699603216 0.183282043025321 0.044498967382474 -0.575243040177937 0.143852425497737 0.0680053018825381
F722 I722 1.44049552092108 0.0465165739173962 0.10263363646684 -0.0953449031058427 -0.364949212915518 0.104326516000124
F726 I726 -2.24969038735369 -0.294981056824969 -0.496355934858836 -0.041267907253398 0.0638806511498504 0.132794473971907
F747 I747 0.920267490694498 -0.0606614808497016 0.147681009598394 0.236031189333874 -0.370950173241661 -0.0982312271994091
F751 I751 -0.576567479114742 -0.435671191983118 0.0673789406180938 -0.186960922920989 -0.597177965311322 -0.527560848945892
F757 I757 0.303376221815767 -0.0531919292318836 -0.236050946289269 -0.132051855225209 -0.242306041962998 -0.806506817846064
F759 I759 0.500277123358164 0.291426236653664 -0.203090485779147 -0.0323873003912512 0.572159543600845 0.263280376755049
F762 I762 -0.403764299187854 0.439931123918472 0.0665848108960638 -0.103293202493815 0.0589676111559613 0.123119757122852
F768 I768 -0.924633572009167 -0.286978215558868 0.0177410482788518 0.649273808343483 -0.483136225936513 -0.266347869711169
F776 I776 0.556704681264798 -0.433454333328368 0.93430598616402 -0.00894761082004347 0.226897193426084 -0.155140068326234
F777 I777 0.167163780941671 0.258034958932648 0.107186200690062 0.346390526525243 0.0438709328156862 -0.149991665214169
F783 I783 0.00775154187734639 -0.421437869611091 -0.0605579794158345 0.120927516380212 0.0415715834127439 0.0725813246695998
F785 I785 -0.879219933224127 -0.142289688919612 -0.482099098879539 0.0352090000332224 -0.288433613497571 -0.168182906643942
F788 I788 0.574949985579088 0.572380898044558 0.441807827368449 0.908229941204802 -0.00304847503570469 0.446155651902171
F790 I790 -0.380614120607755 -0.650449718435866 0.16449288296895 -0.441797646438149 -0.0138538216385394 -0.033916968614017
F792 I792 -0.00383422367909264 -0.26589423503458 0.511065919934986 -0.136904014171056 0.433773550605706 -0.0604370802120787
F795 I795 -0.460030463906093 0.0102442457425835 0.347769446015661 0.399190674016145 0.456419731031312 0.402642153283414
F797 I797 0.819500697692618 -0.319090292391759 0.00140261121284491 0.0425424156257088 0.00617964708722252 -0.245313573637332
F799 I799 -0.573871936926154 -0.22404423574444 -0.202759151622646 0.0153227039624164 -0.113505949787632 -0.196804217654022
F812 I812 -0.374467028995719 0.154575359179312 -0.444945755879953 -0.238244365905319 -0.217239890865097 0.152531901244247
F817 I817 1.89890779089199 -0.384671573949803 -0.123608917122367 -0.263567277816371 -0.134152532404361 0.222017375421884
F820 I820 0.670137636137015 -0.608418303369057 -0.149095635991842 0.427888359393268 0.0931054828336219 -0.385944641359043
F823 I823 1.64284724030917 -0.318708397911471 -0.0230343917145895 0.226212580499979 0.34120781906636 -0.00200808134321967
F826 I826 0.0701356760823063 -0.37460754941041 -0.0441385704800981 0.123260582777933 -0.249008429425399 0.574693159477914
F828 I828 -1.31671225616117 -0.194339370556304 -0.184002174933049 0.0105262917503219 0.187327483824013 0.259452074029806
F834 I834 -0.12168016582928 -0.261348786175038 -0.389890339847922 0.21922776996647 0.291724346589022 0.32900264530158
F836 I836 -0.704319728633417 0.0149088283203719 -0.0284090933892741 -0.28228288264241 0.477187040641307 0.164650827517341
F837 I837 -0.519036580983721 -0.178463180370417 -0.0143934892028275 0.196342166715373 -0.041222477119054 -0.294693724232581
F838 I838 0.812122071116928 0.138698672502907 -0.208842585259149 0.206714101844091 -0.15409260279054 -0.15056861001193
F841 I841 0.365585508982256 0.485116491628097 -0.206364943720095 0.0983766973457846 -0.30757442653199 -0.062421236051545
F842 I842 0.589804992190441 0.152080705860466 -0.00190703640568497 0.0115864157740728 0.0134403188980296 -0.382485380716455
F844 I844 2.09904992212997 0.107919071430875 0.090091132221103 0.124189705836204 -0.124526678107712 0.329542231471127
F848 I848 0.611765650916362 0.0432402044016986 0.0477063084738461 -0.395893335067806 0.541407619728064 -0.179988207037816
F849 I849 1.54292556121302 0.143004285633846 -0.0103752390209835 0.229883809567604 -0.364512198375779 -0.394715096114818
F854 I854 -2.10973899483327 -0.403647461143554 0.0537120058389457 0.0964135993088794 -0.110411017308417 0.0053110098110048
F858 I858 1.19106046883137 0.324041796922505 0.0701969056984733 -0.262270202544994 -0.0118083183647015 -0.44050884062013
F864 I864 -0.192033021976745 -0.214263978539183 0.65830642765292 0.76078750048635 -0.168241308176577 0.16635490786172
F865 I865 0.843678365375451 0.106610088778083 -0.11220628816621 -0.00244205420470046 -0.371795235018539 0.611236558848475
F867 I867 -0.481919673819082 -0.00924738435966579 0.312264433753829 0.108575302812438 0.0368806812822425 0.0958160213510838
F874 I874 -0.890661625717652 -0.794396891903172 0.144513094416516 0.0262111193141556 0.118199956657688 -0.280528747886261
F876 I876 0.685808489812182 0.563587130983181 0.491005301202722 -0.279338611449418 0.309995236998633 0.553301488471983
F882 I882 1.19664974848859 0.741716610755094 -0.118270008722388 0.0819634580045676 -0.0891521407164892 -0.0300172948768504
F888 I888 -1.7803344569626 -0.136725260922725 -0.0457763271011568 0.263740166994112 0.575144476552464 0.716663409325519
F892 I892 1.11422671650667 -0.0597195982466552 0.134853607169398 -0.459462712721353 0.295025239492703 -0.222495710974219
F905 I905 0.724276308351213 0.185801349693273 -0.351716536150695 0.115098891353755 0.0455609718460424 0.135236455041937
F926 I926 -0.432080930376205 -0.0124487276147703 0.0463823542641877 0.0470565496627892 -0.139272544158917 -0.35860821676374
F936 I936 -0.763291196347907 -0.0832250439618208 0.338580029811912 0.182822107307632 -0.232816280765182 -0.0126581358573538
F940 I940 -1.28522999147844 0.378029422633342 -0.0130314222456971 -0.192893783442303 -0.0748770653057881 -0.128326650912186
F947 I947 0.855808044361317 0.147733414688276 -0.11793524863411 -0.0594720826078748 0.352845290458683 -0.153591404723294
F949 I949 1.10391184363752 0.227935980375752 0.104319364748339 0.190481427075786 -0.233479585820438 0.0738421974571913
F958 I958 -1.13568974688513 0.0634566024870173 0.253661807888668 0.0908342384762734 -0.290665094665067 0.0782859842616482
F963 I963 -0.392403154076281 0.076295543218091 -0.336233275777905 -0.0119560174659832 -0.109927208979092 0.00256391384427873
F969 I969 0.609576225643574 -0.185565147235032 0.363690685675175 -0.44098895784988 0.0330585611082535 -0.32785628979052
F971 I971 0.506742712591366 -0.372180093518015 -0.583035805724204 0.245918987640313 0.17810521015709 -0.00322515986553451
F975 I975 -0.259168885891999 0.059105699329144 -0.30303926094958 -0.172332693059657 -0.376704786056103 -0.59849667447946
F980 I980 -0.099417472083255 -0.211921069194111 0.244777977187836 -0.307429227234595 -0.0930018409416316 -0.0625863060535844
F984 I984 -1.3706073026114 -0.146141606764688 0.276850879518234 0.639594929160143 -0.35753966253762 0.0014714199394367
F985 I985 0.673822940912827 -0.397531573444161 0.214257987003327 -0.191773719196258 -0.322097372548775 0.104130639232338
F987 I987 1.56360352306314 0.121284218781848 0.414224029218839 -0.578586179487029 -0.105893285612515 0.282438346073206
F989 I989 -0.588524385526341 0.222081415041503 0.149152262493472 0.203800586889105 0.087712795494044 -0.15626500062774
F999 I999 -0.55275529332142 -0.060936764753974 0.330182500350694 0.375695181202772 -0.241917608325055 0.4317410595599
F1000 I1000 -0.218939479068921 -0.157368873758092 0.326557118743051 0.114343888118951 0.284942854542363 -0.626252715255353
