FID	IID	BMI	tdi	age	sex	PC1	PC2	PC3	PC4	PC5	PC6	PC7	PC8	PC9	PC10	center	batch
ID_1	ID_1	-1.68283395546044	1.37934810368842	1.31310077725802	0.997496867163	-0.27679651912935	-0.509622555921655	-1.12907461127487	-0.29279803751899	-1.05759294001754	1.66221979150819	1.37286013684079	-0.354388346959933	0.706775947599564	-0.0444674947097564	0.269301441973023	0.723923567799146
ID_2	ID_2	-0.178471706552699	-1.03482987211577	-1.20121377948305	0.997496867163	-0.438862384259055	-1.02432929356136	1.03802460700606	-0.221937556834935	-0.846416418188334	1.35485440176089	-4.45450611902345	4.60082655475458	-0.199125842331816	-1.30447152664022	-0.699408780951926	0.723923567799146
ID_3	ID_3	-0.500330019091958	2.06183712322516	-0.698350868134832	0.997496867163	0.07729696770866	-0.483063921218315	0.421383939903812	-1.03007330565848	-0.802739877061026	0.418239143801173	0.211957358903618	-0.504306948603249	-0.447667116518506	-1.70599764186653	2.01297984323793	-1.384458824241
ID_4	ID_4	-0.0566902986394838	-0.0851684306334767	-0.824066595971885	0.997496867163	0.622241891595899	-0.245114967287621	-0.500896759605984	0.396635888275715	-1.248019216311	-0.743106356921112	1.37135055657018	-0.274264176689918	-0.344204047683689	0.355124060318062	-0.311924691781947	0.723923567799146
ID_5	ID_5	0.365258607593133	-0.953741273299367	-0.0697722289495646	0.997496867163	0.640503706039468	-0.359860446601477	0.341493946124414	-2.42392892594801	-0.699420537179642	-3.38298049998371	0.38749063146832	0.0331479671537316	-0.362620924896113	-0.802978500905045	-1.66811900387688	0.723923567799146
ID_6	ID_6	1.55620944757608	-0.717941699889788	-1.20121377948305	0.997496867163	0.150839461128862	-0.0250019267697114	-0.708102566543681	2.30451290311371	3.49558114322506	-0.452966711501309	-0.533845364029732	1.75319845588032	0.276846149149405	-0.90527215174341	-0.118182647196957	-1.38656404879621
ID_7	ID_7	-1.46515412083289	-0.602354001510973	0.0559434988874888	0.997496867163	0.0930826039225929	-0.766393527568844	-2.29608291959035	-0.472487543557928	-0.639161618770622	-1.62281843235586	0.571839749770328	0.730667033426567	-0.768591469333913	0.332847350861492	0.269301441973023	-1.39077449790662
ID_8	ID_8	-1.05033815543027	0.126707799359833	1.43881650509508	-0.997496867163	0.578723059210039	-0.0824607023726006	-0.605911936138546	1.76696579463403	0.864469338536738	0.842740171472936	0.116471512244364	-0.497724419870471	-2.07721649030742	-0.825665438583231	-1.08689287012191	-1.36130135413372
ID_9	ID_9	-0.357441780418651	1.88142736211941	-1.57836096299421	0.997496867163	-0.638442349567752	1.19663570623671	-0.746559848432502	0.475792188229967	-0.567040886906738	-1.0171559580243	1.05819250876178	-0.556433731947374	0.434893475948855	1.26991299528593	-0.311924691781947	0.723923567799146
ID_10	ID_10	0.249025042547689	-0.818386306398263	0.81023786590981	0.997496867163	0.615308592552916	-0.839087283756604	-0.125624422731375	-0.553631577446773	-0.953498920275895	-0.649586937750868	-0.235285421131665	0.695504352609447	0.351326996258155	-0.390306470263848	1.81923779865294	0.723923567799146
ID_11	ID_11	-1.1858640312001	0.830273100549192	-1.07549805164599	0.997496867163	-0.462014650706156	-0.280541922574683	0.756804827890805	1.39839856598554	2.4908077735927	0.54771643950887	-0.391811377879599	-0.100405401166863	0.620415127553503	-0.793676417449379	-1.08689287012191	0.723923567799146
ID_12	ID_12	-1.69703726746402	2.12852490581601	-1.70407669083126	0.997496867163	-0.204554019279707	0.186322210960749	0.295100172445919	0.430269073170369	-0.23275369137827	-0.261986359975844	-0.418324862625524	-0.297983926442367	-1.05029439649864	0.0784590259813199	-0.505666736366937	0.723923567799146
ID_13	ID_13	0.501451893031272	0.419635848745705	-1.45264523515715	0.997496867163	-0.506152527649424	0.689453804793788	-1.1605429521048	1.43303116442092	1.30105957853537	1.44121948736004	-1.21334969146765	-0.160816709587363	0.418785754635277	0.93337951769113	0.463043486558013	-1.36130135413372
ID_14	ID_14	-1.19495748793074	-0.0177918697416197	0.181659226724542	-0.997496867163	-0.262929921043386	1.43811213395182	-0.581185086813609	1.43798015037345	0.00884132225827987	0.469263205153046	0.274502927542026	-0.891367690113513	0.365403385137612	0.747850024122048	1.62549575406795	-1.3834062119634
ID_15	ID_15	0.510065649062811	0.448523076946851	-0.195487956786618	-0.997496867163	-0.35968658536643	-0.0828114643061361	-0.60070342479673	0.246868102419892	-0.469662269384543	-1.1533534847101	0.71267379993062	0.0470744440361603	-0.225108375924246	0.0668058128845265	0.269301441973023	0.723923567799146
ID_16	ID_16	0.706263234991842	2.86955673735491	-0.698350868134832	0.997496867163	0.526475698564709	-0.326974860795124	0.500450711264874	-0.782998015366971	-0.73062669568311	-0.361116828996809	0.570969036235407	0.348369063470356	-0.533234730440639	1.56110674256064	0.463043486558013	0.723923567799146
ID_17	ID_17	1.81885600860555	0.480934777027114	1.31310077725802	0.997496867163	0.520223348534878	-0.875824632682156	-1.16825613576047	-0.294182791950678	-0.0566370960903189	0.0822201004290491	0.488117294489379	0.226802037110891	-0.498516863417436	0.352904145173504	-1.2806349147069	0.723923567799146
ID_18	ID_18	0.0732043080540426	-0.35131771587946	-0.195487956786618	0.997496867163	0.629484712917585	2.07480460666552	0.983711844067309	0.0555988965429312	0.131969815104426	0.104875643803502	-1.25187232519908	-0.026623708696481	-0.423192479846945	-1.13623405501678	1.62549575406795	0.723923567799146
ID_19	ID_19	0.22145268062591	1.79016758081911	0.81023786590981	0.997496867163	0.171886976080772	-0.0465770947569746	0.770423002852189	-0.83159218055756	-0.919920399081454	0.402835131470826	0.0958711513092653	-0.574475295790653	0.303537333898237	0.945179066657703	0.0755593973880333	0.723923567799146
ID_20	ID_20	0.0354539486906386	-0.826541307738903	-0.321203684623672	0.997496867163	-1.50987137303255	1.47709303562206	-0.59743226240129	0.729904242795008	-1.06015708505209	-0.863842221529818	-0.409446675859978	-0.442175526787593	0.667751816873107	-0.521731690485499	1.81923779865294	0.723923567799146
ID_21	ID_21	-0.446144696646585	0.936620804584072	1.18738504942097	-0.997496867163	-1.01841189890546	1.69884075911324	1.31954856801195	-0.771166126744427	-1.2379997214322	-2.2706344015076	0.703018668780066	-1.00735204768563	0.230092687784375	0.32923431823663	-1.66811900387688	-1.38024837513058
ID_22	ID_22	0.303648352587886	-0.377718655028986	1.43881650509508	0.997496867163	1.66493578231351	1.1200570961813	1.17935511794747	-0.6538054411302	-0.34484216566225	2.51574735197122	-1.50974263961549	0.951216973574884	0.100379931924018	-1.09631850760319	-0.118182647196957	0.723923567799146
ID_23	ID_23	0.0289258478725467	-0.498656087784605	-0.0697722289495646	-0.997496867163	1.31699559837614	-0.770020273598605	1.03845390180529	-1.36751103488033	-1.12135528391546	0.149617202939336	0.31036550566351	-2.10242213157231	0.870866941363564	1.62924560139241	0.463043486558013	0.723923567799146
ID_24	ID_24	-1.80605446547093	-0.330019085891811	-1.82979241866831	-0.997496867163	-1.37993392043238	0.81877906787327	-0.521217799800532	0.203824631952752	-0.476240252759385	-0.361361840420477	0.782016601507623	-0.283384099143695	1.49082396325937	0.838651431320378	-0.118182647196957	0.723923567799146
ID_25	ID_25	-0.971625527674749	1.06056077575867	-0.949782323808939	0.997496867163	-1.90927892147291	-1.58641536482708	-1.04424166177248	1.58066618117436	1.78627192796999	-1.09809620245472	0.938858385117632	0.0973985807502535	0.0520112693579025	-0.521679497358611	-0.118182647196957	0.723923567799146
ID_26	ID_26	1.13013094402083	-0.540979173873093	-1.95550814650537	-0.997496867163	-0.59622351075245	-0.644295283950126	0.515396060784851	2.31021059061909	3.60232991383286	0.490286914796126	0.498777095103304	0.559531854654414	0.822028394763629	-0.895340824047692	-0.118182647196957	0.723923567799146
ID_27	ID_27	-0.441118267582176	-1.02607971282571	1.06166932158392	0.997496867163	-0.0573452235278208	1.18306188122386	0.683463797792757	-0.851580107931031	-0.332385373913152	-0.494618653524797	1.24131541510336	0.630944742633573	-0.203470357091808	-2.0185613039914	-0.118182647196957	-1.35919612957851
ID_28	ID_28	0.571342199233907	-1.385561801443	-1.95550814650537	-0.997496867163	0.0460971220152411	1.04803839126185	-0.613938958252816	-0.385297366844652	-0.93595461108193	0.830408890644114	-0.940136271092669	-1.37124309325881	0.799724002258552	-0.443183961236292	1.62549575406795	0.723923567799146
ID_29	ID_29	-0.341277952514431	-1.15420585115016	-0.0697722289495646	0.997496867163	0.27297695230568	0.105766092942047	0.497096260970806	-0.15857096050094	-0.524341378663619	0.0209205482172921	0.729897441038572	0.0625564710954251	-0.306462333964699	-1.20417779935551	-0.311924691781947	0.723923567799146
ID_30	ID_30	0.52529093212098	-0.181229598536958	0.181659226724542	-0.997496867163	0.691946308760164	0.447295707660672	0.643451204927359	-0.779659768076293	0.246196133985229	0.881302087070875	0.920537335826613	-0.220252213480886	0.0431923070378202	1.4659689157545	1.81923779865294	0.723923567799146
ID_31	ID_31	-2.09097582418003	-1.1631666562313	0.935953593746863	0.997496867163	-0.00472643614804709	0.849301974240527	0.196029820561896	0.838857490788269	1.92784353985967	0.92218728746265	-1.00355409891133	-0.476406689203768	0.0439779032146711	-0.467652782022163	-1.2806349147069	0.723923567799146
ID_32	ID_32	0.539973944823652	0.371069956997885	-1.20121377948305	0.997496867163	0.317176733704689	-0.714527088453451	-0.571812180540329	-0.316189809429282	-0.64419326261933	0.647278705132958	-3.00536573290546	1.44876656701798	-0.410197186623705	-0.773306464376039	1.62549575406795	0.723923567799146
ID_33	ID_33	-0.689874364890091	-0.137498863590573	1.43881650509508	-0.997496867163	0.345962305624213	-0.72210486984775	-0.132752176954648	0.636759587681365	-0.0885016569701489	-0.78365142380709	-0.051339716260333	0.160070997855492	0.317148670456305	0.990957804587132	-0.893150825536916	-1.36761702779934
ID_34	ID_34	0.030302380313422	-0.591152995159541	0.181659226724542	-0.997496867163	0.505861514802986	-0.6167968719909	-0.483146780629991	-1.84239388403316	-1.39397766054777	0.230268109055813	-0.520950045056029	0.204248522227352	0.773228099220432	1.51871324108544	1.62549575406795	0.723923567799146
ID_35	ID_35	0.974728774066838	-0.122780406886392	-0.321203684623672	0.997496867163	0.75756503184553	0.140319452470115	-0.680997787359328	0.528853834979931	0.406257526921715	0.657912200920131	0.412164283058502	-1.12792102580482	-1.07188007177975	1.0542529461292	-0.118182647196957	0.723923567799146
ID_36	ID_36	-0.167104885639409	-0.687625423893239	0.0559434988874888	-0.997496867163	0.14526806011218	-0.524182485238212	-0.29614130678738	0.102485472687301	-0.0526685606658274	1.47181420795777	0.377799435260107	-0.884916006753099	-1.09883498749872	-0.256189645610715	0.0755593973880333	0.723923567799146
ID_37	ID_37	-0.45515472716868	-0.86453110898218	0.307374954561596	-0.997496867163	0.345095643243841	1.69997246271012	0.214715279558724	-0.52657546094102	-0.971280314729239	1.2382347290698	1.29903496381182	-0.827283652741039	-0.303215020569023	0.901819748441966	0.463043486558013	0.723923567799146
ID_38	ID_38	-1.12417034998632	-0.830540234185564	1.06166932158392	-0.997496867163	0.98048297696855	0.40086938758992	1.69440325832242	-2.12818150934091	-0.270812670945795	0.269239914353111	0.296349593826815	1.39140596877929	0.263770327385664	-0.42739285752836	1.23801166489797	0.723923567799146
ID_39	ID_39	-0.842732035483678	2.01394362621683	0.558806410235703	0.997496867163	1.13877267029806	-1.18290016011805	1.01534917483649	0.0789700619884658	0.563861840714674	1.75708821475227	-0.837742420246295	0.279189102095733	0.661061908371042	-2.08182717835951	-0.505666736366937	-1.38235359968579
ID_40	ID_40	1.24446656282204	2.88356969783815	-0.0697722289495646	0.997496867163	0.73311277182787	-0.0122156615698978	-0.259060085832433	-0.660502542176313	0.134575638821512	1.19751094796891	0.0937541324246535	0.313818839646186	-0.125248959276818	0.206488766237848	0.850527575727993	-1.38866927335141
ID_41	ID_41	-0.859667555816873	-0.277815709126163	0.81023786590981	-0.997496867163	-0.666794590297089	-0.7063602917368	0.816390076934083	-0.607057271740783	-1.3615407728316	-0.759450060123408	1.3469448168369	0.266362229592595	-0.0904706958482399	0.336830125450664	-0.311924691781947	0.723923567799146
ID_42	ID_42	-0.778848416295773	2.74116311231162	1.06166932158392	-0.997496867163	0.0932683172898152	-0.924759231485169	1.73162932779672	0.119784599851028	1.43581159149925	1.09043807333884	-0.247105486172006	1.56614996357153	0.600319230271647	-0.294149170231579	1.81923779865294	-1.36866964007694
ID_43	ID_43	0.042753741937705	1.71040304126097	0.307374954561596	0.997496867163	-0.42221008566475	-1.35898265075275	0.509045660282117	0.132014536684466	0.241539447269665	-1.10608645735362	0.188646966492964	-0.795573780000034	0.151321078716416	-0.648096616330166	0.850527575727993	0.723923567799146
ID_44	ID_44	0.506812026929833	-0.910043974192838	0.684522138072756	-0.997496867163	-0.282367920146032	1.15601350344351	-0.244671799576478	-1.83161670296511	-0.535448143521737	-1.3838256422485	0.668545625808692	0.972746069843098	-0.363991923298131	-1.78417026350286	0.850527575727993	0.723923567799146
ID_45	ID_45	1.06359854271185	-0.760676046808493	0.0559434988874888	-0.997496867163	-1.30156287946439	-0.205015598319883	-2.79717430158992	0.819600749472603	1.23361108738815	0.745779062421997	0.109611938277529	-0.950514830936403	-4.0244167317404	1.57537936772649	-0.118182647196957	0.723923567799146
ID_46	ID_46	0.359356203339076	-0.30708544333525	0.81023786590981	-0.997496867163	1.30337661811314	1.52747700920704	-0.487830216089145	0.420731714398547	-0.563187118868952	-0.500700701806427	0.707325867094828	-0.933947793789381	0.21071007205	0.634122663991559	1.04426962031298	-1.3855114365186
ID_47	ID_47	3.96011479004383	-0.30162871427091	0.935953593746863	-0.997496867163	-1.56298539605826	1.39724505962012	0.0747010795369475	1.04127479409891	-1.42439101802465	-0.985517777010472	0.370200012396144	-0.169367957922788	1.25979362020447	1.10881671410774	-0.311924691781947	-1.37288008918736
ID_48	ID_48	0.365321177249537	-0.302431174427431	1.43881650509508	-0.997496867163	-0.220092037670676	-0.614983498976019	-0.937560727267329	0.824858832396499	1.36481437194732	-0.264965698887642	1.93174487893656	-2.13922490880687	-5.87486193176224	1.26912278158912	-0.893150825536916	-1.39077449790662
ID_49	ID_49	-0.828570436584367	-0.364702082573426	0.935953593746863	-0.997496867163	-0.966164538260133	1.07090409843854	0.52348403998435	1.2586180467154	1.54277479590852	-1.53105156548668	0.0142950821741651	-1.00048266563652	-4.87197962050632	0.917399640711182	1.23801166489797	-1.36551180324413
ID_50	ID_50	-0.954898572862898	-0.212853215871839	0.307374954561596	0.997496867163	-0.00187883118396523	0.837971701972369	1.66341231407086	-0.0720856279146865	1.91688023423493	0.93465692768366	1.35952121765787	2.5079648888196	-0.200398193271721	-1.57797326725856	-0.505666736366937	0.723923567799146
ID_51	ID_51	-0.502832805348096	-0.261662854892201	-2.08122387434242	0.997496867163	-0.190996943472448	1.37414109905462	-0.381843347405907	0.365581945886512	1.34074795297467	-0.0703516838248197	0.938528647447602	1.97583688947214	0.388595604801706	-0.635043456745813	0.269301441973023	0.723923567799146
ID_52	ID_52	-0.235430950431957	-1.30671340389689	-0.195487956786618	-0.997496867163	-2.77866509789826	-1.23582550318374	-0.0088161625813053	-0.16190302585219	0.103694302224363	0.35096073635446	-0.562145614775131	0.561612296075003	0.506153181437592	-1.46336301404706	-0.893150825536916	-1.39287972246183
ID_53	ID_53	0.283083792183291	0.812101390304785	-0.824066595971885	0.997496867163	1.06145400507766	0.332351683856136	-0.471341626302538	0.0472258030298946	0.0517224951937766	-0.175871474277568	2.43686177221313	0.281702339747988	0.517705000572364	-1.15089203130638	1.04426962031298	0.723923567799146
ID_54	ID_54	-1.16123244312929	2.11378638760791	0.181659226724542	-0.997496867163	0.941235552028812	1.25734399333706	1.22385077248692	-0.0529765662631134	0.242808381941354	-1.02083977684132	0.00443901713093707	0.066547758203962	0.56927346469526	-0.762516632910946	-0.505666736366937	0.723923567799146
ID_55	ID_55	0.457673990101004	1.06029663262382	-1.57836096299421	-0.997496867163	0.552537474431633	-1.61614409323161	0.240142230060545	-1.04712172083433	-0.753335537278811	-0.497247481976383	-0.657379521245879	1.20924908039119	-0.420319624164596	-0.891404389150617	-0.505666736366937	0.723923567799146
ID_56	ID_56	-0.292348481206947	-0.504691256878437	0.81023786590981	-0.997496867163	-0.892807758207154	0.898885151713097	0.721575253841617	1.69844929931611	2.39672871843828	1.44325452342015	-0.162909290597945	0.348202487246308	1.10763292971559	0.712612346679086	-2.05560309304686	0.723923567799146
ID_57	ID_57	-0.559562627153874	-0.931101866133531	-1.82979241866831	-0.997496867163	2.07666850789188	-0.0362991082894225	0.803093586392767	-0.177875783567707	-0.40986091042515	-1.40827489984319	0.322811041846689	-0.57191374600091	0.423424198568096	1.46425678607808	0.463043486558013	-1.37077486463215
ID_58	ID_58	-1.33039993749203	0.498214084705792	-0.321203684623672	-0.997496867163	0.848193155050223	-0.818246730384858	0.547696677065576	0.443625496743871	1.0860005968217	0.0208231201452925	-0.737007562052257	1.35370740399547	0.558490693122266	1.6277237083467	-0.699408780951926	0.723923567799146
ID_59	ID_59	-0.187273171553448	1.17021026897923	-1.57836096299421	0.997496867163	-0.139182914017306	-0.143221934670473	0.372117337258105	-1.21569977460275	-0.0984214854341839	-0.216135210399428	-0.24485038963807	-2.04218293514161	-0.687891805685025	1.10298766862818	-1.2806349147069	-1.37919576285298
ID_60	ID_60	0.48015735330197	-0.552865614941554	0.0559434988874888	0.997496867163	-1.44617168807516	-0.68202535532908	-1.01256208351849	0.00959839838312348	-0.743216375985236	0.519849704927122	0.835552603527582	0.606925558278983	0.401427827730432	1.49342640278751	-0.311924691781947	-1.37182747690976
ID_61	ID_61	-0.297771184761911	-0.0143847576603929	0.307374954561596	-0.997496867163	-1.07307353332469	0.600022748041676	1.24253864562573	0.567638636063902	-0.524122414570562	0.147960435692496	0.46182071530452	-1.19801891779172	0.766846212385782	0.615240458927646	-0.505666736366937	-1.36130135413372
ID_62	ID_62	0.328634502044991	0.854926682707895	0.433090682398649	0.997496867163	0.641122750596876	-0.184730969522042	-1.87657143076266	-0.712144403504502	-0.751247072860215	-0.76655250892243	-0.210456741315057	-0.297183756665217	1.26833165871102	0.282324891820036	0.463043486558013	0.723923567799146
ID_63	ID_63	-1.03311064336719	-0.876685036769481	-1.57836096299421	0.997496867163	-0.772589305158305	1.38566329766377	-1.84448748372547	-0.786133632420868	-0.604864291312079	-0.529421805634941	-0.632146861261974	-1.31895023694207	1.69846479172594	1.37221640184894	-1.47437695929189	-1.36024874185611
ID_64	ID_64	-1.35872313529065	0.543717086343692	1.43881650509508	0.997496867163	1.06083496052025	0.535429607073673	0.757069779974126	-1.36020947753467	-0.771935404411026	0.169498761564873	-0.433632933956648	0.17552962372316	0.141143680446633	-0.296338354843484	0.850527575727993	-1.38024837513058
ID_65	ID_65	-1.05202753615316	-0.299147774953668	0.558806410235703	-0.997496867163	-1.81153178585801	-0.264995888954412	2.04456248315381	-0.209314379965712	0.237132228610464	0.303606657880394	2.62087084854292	0.0705214315123729	0.138208817788099	-0.561225790594121	0.463043486558013	0.723923567799146
ID_66	ID_66	0.371348720816401	0.607322251679102	0.558806410235703	0.997496867163	-0.731856173280786	0.826846592344581	0.992228333469901	-0.212001806411139	0.976002097053513	-0.0972176188030697	0.203727312745723	-0.0249066148099184	0.425127377199678	1.01429349795468	-0.118182647196957	0.723923567799146
ID_67	ID_67	1.67052420982515	0.336963728553769	0.433090682398649	-0.997496867163	0.349676572968668	-1.21188103760769	-0.167473574115098	0.20394140191971	-0.836125105814701	0.193105179862143	-0.636006337646648	-1.77705498313171	-0.239285425479328	1.59558835134307	-0.118182647196957	0.723923567799146
ID_68	ID_68	3.08411874384364	-0.549936635370254	0.935953593746863	0.997496867163	-1.4329241345466	0.45114747077987	-1.34194158117737	-0.141773257312974	-0.985981110907863	-1.10650153553018	-1.51340581904348	-1.46976965864897	0.643653651128385	1.04132661096532	1.81923779865294	0.723923567799146
ID_69	ID_69	0.503892109631006	0.996170035365868	-1.20121377948305	-0.997496867163	0.17108221815614	-1.54647483145188	-1.3555271652219	0.28419327891689	0.111529290503066	-0.103055808655967	-0.733112535825033	0.79109746540149	0.914042318352813	-1.43327635922035	0.850527575727993	0.723923567799146
ID_70	ID_70	-0.203833273948224	-0.404574321600541	0.81023786590981	0.997496867163	1.29724807699479	-1.22004121617465	1.46841965145681	-2.07243415335092	-0.652255671535373	0.79080927960476	-0.136342996303303	1.55030760848683	0.191849281258068	-0.595035229948032	-0.893150825536916	-1.37393270146496
ID_71	ID_71	0.0350993873043518	-0.172626556942261	0.307374954561596	0.997496867163	1.22469605486644	1.06097025575483	-0.257599529928935	0.35933818706506	-0.235959627720049	0.339961741172922	-0.517707281157331	0.214462090563463	0.685514399693966	-1.05758340287249	-1.47437695929189	-1.36235396641132
ID_72	ID_72	0.619479121560281	1.61082442300474	-0.824066595971885	-0.997496867163	-0.373057947806466	-1.22321130987585	1.2971622293456	0.792118594307993	-0.0166799243505766	-0.818102912462088	0.905915531021239	0.827034650172719	0.169292633099873	0.227649908580464	-0.505666736366937	-1.37288008918736
ID_73	ID_73	-0.393919890101853	-0.319951554511463	0.307374954561596	0.997496867163	-0.0752975156926849	-0.417901619377028	-0.406533984601006	0.352926142114757	-0.211168362094526	-0.0358604168445674	-0.90330869507124	0.650970123622465	0.0249141402364077	-0.0994612316187451	0.463043486558013	0.723923567799146
ID_74	ID_74	0.218407624014276	0.925446546904523	-0.824066595971885	0.997496867163	-0.515685813833526	1.96942380916209	0.0785093885249961	-0.0923417827710808	-0.168044516540035	1.92055983662328	0.894122257166587	-0.934118899276318	0.712634398920963	-1.33580691422239	1.62549575406795	0.723923567799146
ID_75	ID_75	-0.726477613886099	-0.0364089453728965	0.433090682398649	-0.997496867163	-0.0966545529232999	0.00434294895284227	-0.034593163671568	0.49376789431989	-0.994488998495985	-1.36831209539934	-1.80204477979453	0.307739059094146	0.723505751888507	1.00443046033152	0.850527575727993	-1.37603792602017
ID_76	ID_76	0.514028393968362	0.0617051830976831	-0.824066595971885	0.997496867163	0.842126518387614	-0.236438573044891	1.00542343004767	0.351253584058625	-0.594835735850113	-1.27292482443455	-0.31115084599394	-1.57506998831613	0.24227927313964	2.37452930831831	-0.118182647196957	0.723923567799146
ID_77	ID_77	-0.608408672252821	0.728835783955422	-0.195487956786618	-0.997496867163	-0.742565644123964	0.0378638771293721	-0.494867439987821	0.757846609005864	1.16028529796386	0.465081292524141	-0.096886792793607	-0.790350030134114	-3.65479073084391	0.94811553977795	-0.893150825536916	0.723923567799146
ID_78	ID_78	-1.07907848427158	-0.80682084939241	0.181659226724542	0.997496867163	-0.690813519124562	-0.622005355796414	0.252080162197408	0.569764536344694	-1.83424649730974	-1.41578089686943	-0.377966517459231	-2.35055528271784	0.656457689067936	0.733284727216638	-2.05560309304686	0.723923567799146
ID_79	ID_79	1.95340162642507	-1.13423128042077	0.307374954561596	-0.997496867163	-1.05512124115982	0.316957867678721	0.498139773845661	0.473501436231117	1.02111021032025	-0.988688513081464	-0.881432661525215	0.0761845198785772	0.292857236214382	0.679033142426961	-0.118182647196957	0.723923567799146
ID_80	ID_80	2.10373565421038	-1.20725515466414	1.06166932158392	0.997496867163	0.812536188543458	0.649526507717973	-2.12510734855639	-0.4931594338408	0.959061826736944	-0.0916048394599462	-0.8607931442418	0.85721967107425	0.331225059335762	-0.749648832094981	-1.2806349147069	-1.35814351730091
ID_81	ID_81	1.70220531251742	2.13844197591701	-1.82979241866831	-0.997496867163	0.909045235043539	1.47627900321027	-0.495205419866316	-0.295795934700093	0.162410444936626	-0.118324344081463	-1.01542980718349	-0.675432565598191	0.240642530553971	-1.40472623102632	-0.505666736366937	0.723923567799146
ID_82	ID_82	2.57742966628864	-0.260412354481624	-0.446919412460725	-0.997496867163	1.16811538231925	0.0760307463878223	-0.0806670635364865	-0.913849410016701	-0.210725903616833	1.89766135721604	1.07145414567828	-1.07171790586012	0.0358312877717206	-0.910618288852697	-0.118182647196957	0.723923567799146
ID_83	ID_83	-0.342091358047676	-0.454086113257859	0.307374954561596	0.997496867163	-1.06248787139299	-1.04731412743245	-0.233621064620666	0.237399431863927	-0.134056759006158	-0.332199716029361	-1.64671772860622	-0.633979745130383	0.0988879393898979	0.502727686516329	0.269301441973023	0.723923567799146
ID_84	ID_84	-1.06794108543177	-0.97569190216419	1.43881650509508	-0.997496867163	1.51976364315549	-0.504473635463344	-1.85007018707562	-1.23240474869931	-0.0415814270712247	1.48163772480317	-1.05747651226335	-0.217136583864324	0.746257077793361	-0.531285471637185	-1.2806349147069	-1.38024837513058
ID_85	ID_85	-0.911892362361605	-0.155300104729388	0.181659226724542	-0.997496867163	0.655917915518954	0.764199187385246	0.427793486885282	1.02319262127441	-0.803851308595435	2.1756772608953	0.0838202698999029	-0.249704500297178	0.836273893578137	0.707885698085201	0.269301441973023	0.723923567799146
ID_86	ID_86	-0.894518854433586	-1.36943569588093	-1.45264523515715	-0.997496867163	-1.00058341565208	-1.31022674199135	0.0539092816544947	2.17076320919587	2.05028222030783	0.29959423550692	0.150614302330599	0.721658832790732	0.716783631970242	-0.60171790133464	-0.699408780951926	-1.36235396641132
ID_87	ID_87	-0.802750025041884	-1.1631666562313	-0.0697722289495646	-0.997496867163	-2.4099621595054	0.938580813549785	0.142055641037143	1.07983979289214	-0.346929119983653	-2.17710921736268	-1.21584333259725	-2.02692938423255	0.888218828627871	1.74442656449604	-0.505666736366937	0.723923567799146
ID_88	ID_88	0.00444025566666998	-0.179975754542395	1.43881650509508	0.997496867163	0.213672483705887	-0.886420290334796	-0.0790858005335249	1.01227806377464	-0.597274542817599	1.03107612911519	-0.532110119541202	-0.321822946784239	0.363029806406365	0.560998629862622	0.463043486558013	0.723923567799146
ID_89	ID_89	1.14197746563322	1.7070527701075	-1.3269295073201	0.997496867163	-1.52869032757779	-1.34102761064556	-0.520421132944078	0.996273709479832	-0.0447767927326493	0.448679363077633	-1.49900040458406	0.981749237964612	0.107860832015147	-0.597630252705459	0.850527575727993	-1.38235359968579
ID_90	ID_90	-0.609889487454369	0.917893390681273	1.18738504942097	0.997496867163	0.83643130845945	-3.14855018120058	1.14024517277186	0.0917082916192503	0.240832721783111	0.141382634178704	1.44122402970989	-0.709638565442757	-1.35579954702175	1.123035682788	0.463043486558013	0.723923567799146
ID_91	ID_91	-0.0334769561138102	2.55763713093139	0.684522138072756	-0.997496867163	0.300462530654644	-1.56991631765154	1.11564892852854	0.120557342279425	-0.350985241045367	-1.16042134366107	-0.082785355248748	0.729001271186086	0.168919987278708	-0.296372012093534	0.463043486558013	-1.37709053829777
ID_92	ID_92	-0.695818482248417	-0.168450420544368	-0.321203684623672	0.997496867163	1.13282984254693	1.33500136179183	1.93945677629665	1.92202257311088	-0.55078469061882	-0.999918683747451	-0.414221689494094	-0.67611195503162	0.952428260395805	1.46233490832164	0.0755593973880333	-1.36445919096653
ID_93	ID_93	0.350659021098999	1.64227751755636	-0.698350868134832	-0.997496867163	1.60706130664133	-0.944090846727745	-1.33735471139779	-0.443968436742624	-0.751632147644555	0.69812174628005	-0.0723074255684486	-0.813524758585523	0.155897113030347	0.327428045817316	-0.118182647196957	0.723923567799146
ID_94	ID_94	-0.122701286145106	0.650982102644994	-1.70407669083126	0.997496867163	-0.296420231599219	2.04228301909208	0.229713136666966	1.24442706131923	1.00902188228636	2.15255394747576	-0.36297684906573	0.284566343648465	0.54575510444214	0.151989873828244	1.23801166489797	0.723923567799146
ID_95	ID_95	-0.746124485996777	0.922948889667353	1.56453223293213	-0.997496867163	-2.21842977344302	0.253403776211945	-1.56245534583083	0.0778641817131591	-0.498052096622153	1.11665141318393	-1.30983917716006	-0.645096569267009	-0.0937375374149868	-0.779525738841678	-1.66811900387688	0.723923567799146
ID_96	ID_96	-0.653834242801713	-0.915661195288482	0.81023786590981	-0.997496867163	-1.16692068822791	-0.239092451070318	2.64570194454305	1.02332312888454	0.498885378673191	0.950868036468442	1.03843400931547	-0.734076454988912	0.610705398782677	0.225541696483171	0.269301441973023	-1.38656404879621
ID_97	ID_97	1.2005843771311	-0.846071181798222	1.18738504942097	0.997496867163	-0.756432242209928	-0.016808657454303	1.10683423223672	0.267165470205801	-0.300033051639825	-0.984157242987282	0.385130946267171	-0.0434775991598401	-1.36206466747267	0.916028961397579	1.62549575406795	0.723923567799146
ID_98	ID_98	0.227688789714119	-0.970372260043256	0.433090682398649	-0.997496867163	1.30350042702462	-0.497120871158483	0.369214331516026	-0.514821533443475	-0.565447734367607	1.39736532501088	-1.02390509573347	0.262237580854534	0.719789359744417	0.41835042400133	1.23801166489797	0.723923567799146
ID_99	ID_99	0.281290128699726	0.752951383450858	-1.57836096299421	-0.997496867163	1.13542982968805	-1.16018667038422	-1.30708137085254	2.38757756255025	1.75235514500421	2.54026002428733	-3.41529663471646	3.52150824069481	0.482218085987383	-0.234254874303197	-0.118182647196957	0.723923567799146
ID_100	ID_100	-0.093147551770551	-0.0187882577692994	1.43881650509508	-0.997496867163	-1.06669737438337	1.49852260431616	0.0520684983876883	-0.0454552066267106	-0.589023371752371	-0.087678315209123	-0.598774317764324	0.709496252178058	-0.341904957852404	-0.752297511337994	1.62549575406795	-1.37288008918736
ID_101	ID_101	-0.0857851888670805	-1.07804569512839	0.433090682398649	-0.997496867163	-1.16531117237864	1.65949585921008	-0.155360616684015	-1.45137934644241	-0.48680036243346	-1.38748640116683	1.16483173210978	0.0629414584410348	0.0760357514880669	-0.200220077709824	-0.699408780951926	-1.37919576285298
ID_102	ID_102	-0.0419864293846772	0.573109998186805	0.684522138072756	0.997496867163	2.33009915924959	-0.0549358178146168	-1.6696492855087	-0.356973094153629	-0.182678868442145	1.12182836044166	0.409557294604831	0.663594689049871	-1.80491929667313	-0.255252120471659	0.269301441973023	-1.36761702779934
ID_103	ID_103	0.227334228327832	-1.03482987211577	0.433090682398649	-0.997496867163	0.473856911184936	0.746211056529608	-0.705290091126199	-0.944288592873979	-0.909586803986403	-0.0671480873981828	-0.0185735809464714	1.17167129595109	-0.246532994124357	-1.53609194132759	-1.47437695929189	-1.36656441552174
ID_104	ID_104	0.333744357317938	-0.992028653517354	-0.195487956786618	0.997496867163	1.69479230131735	0.920936826477992	0.0345418275457021	-0.301300951759997	-0.592289711981889	-1.05332540913231	0.641203159951708	0.143113437597106	0.370734374518733	-0.53852665826012	-0.311924691781947	-1.37709053829777
ID_105	ID_105	-1.71211655465724	0.24512951952476	1.31310077725802	-0.997496867163	0.978378225473359	-0.630046407668968	0.685099982525974	1.23890796317508	-0.0687103231522705	-0.951752320341743	-0.687024998641976	-0.123646055555886	0.833817773092877	-0.425279767568741	0.0755593973880333	0.723923567799146
ID_106	ID_106	2.5098961504772	3.10176864514805	-0.0697722289495646	0.997496867163	0.774836374997243	-1.42184845465184	0.380953096938775	-0.888743867120763	-0.924856906806973	0.529929763145539	1.24878603418997	-1.20768134528938	0.414290248861847	0.128314681242813	-0.118182647196957	0.723923567799146
ID_107	ID_107	-0.189317113662627	-0.751715241727347	-0.572635140297779	-0.997496867163	0.0181163080203497	0.515846502142903	-0.913286529565377	0.879654856596867	0.895689087914948	0.225475109111408	0.167008447112382	0.708515918388191	0.42552196704813	0.747791489774136	1.81923779865294	0.723923567799146
ID_108	ID_108	-0.501539699115757	0.177032081925629	-1.70407669083126	0.997496867163	-0.401410188535803	-0.540846986155982	-0.363864024940936	-0.121651044477501	0.444606445150391	0.435605553510731	0.221214228774589	0.448934300412235	0.393612532874876	-3.56403393618456	-1.47437695929189	0.723923567799146
ID_109	ID_109	0.713083327539817	0.1738790822273	-0.698350868134832	0.997496867163	-0.376648406239439	0.0733503957636375	-0.96025366196632	0.353362312285452	1.02350824466351	0.281642680867898	-0.104470243989178	-0.322748929419431	0.0100838834250571	1.03105383290678	0.0755593973880333	0.723923567799146
ID_110	ID_110	-0.242835026439697	-0.269724235881247	0.684522138072756	0.997496867163	-0.354300897716971	1.29050092328068	0.155997311025086	0.74588455621427	0.685673830827536	-0.944805525858933	1.30012721984379	1.49087361434761	-1.94862650362299	0.73664069649692	-2.05560309304686	0.723923567799146
ID_111	ID_111	-1.09991417985392	0.764055425866711	0.935953593746863	0.997496867163	0.820831385612741	0.014614317270705	0.128735612611432	1.58534728308506	0.846221324050606	-0.00415478562704852	-0.00267816439060773	1.45397521934093	0.300197412680986	-1.74784482276121	-0.311924691781947	-1.39287972246183
ID_112	ID_112	-0.202853015997903	1.66022587639054	-2.08122387434242	-0.997496867163	-1.4925381254251	0.317891026784918	-0.53002941806131	0.325935107693529	-0.082432576349513	-0.574031179666463	-1.48483714122607	-1.32281520794113	0.0116086913394307	1.7493922283439	-1.66811900387688	0.723923567799146
ID_113	ID_113	-1.50073539877431	-0.808586261736756	0.935953593746863	-0.997496867163	-0.816850991013057	-1.10712234617506	-0.167853801478406	1.95656244245486	1.41252136248405	0.378009421029893	-0.694909335461449	1.48762261009579	0.320017499711629	0.323019433847085	-0.118182647196957	-1.38656404879621
ID_114	ID_114	-0.105724052707641	-0.712117176587043	1.06166932158392	-0.997496867163	3.32086759249172	-0.261475033319681	0.903821850287911	-2.23604948352362	-0.688013262980019	-0.549126489072488	0.066176728477773	-0.823710567572635	0.325044493852362	-0.143598485951819	-0.699408780951926	0.723923567799146
ID_115	ID_115	-0.951165250030827	0.394760921327162	-0.949782323808939	0.997496867163	0.228096221893519	0.0614906715203323	-1.29464250425291	0.86384626371725	-0.142295849293839	0.556313169743531	0.399381796193762	-0.353457331810419	-0.599654670645307	1.865597542536	-0.311924691781947	-1.36235396641132
ID_116	ID_116	0.162553777398145	-0.269985035432117	-2.08122387434242	-0.997496867163	1.61166699814845	0.312636215931578	0.993952634385726	-1.1039921291536	-0.347484835750857	0.129140710457337	0.134903847999017	1.2041008182401	1.22140163852094	0.247819381512206	0.463043486558013	0.723923567799146
ID_117	ID_117	1.06101233024717	-1.03503717432287	0.181659226724542	-0.997496867163	0.126696723389907	-1.2781485704471	0.75829314642718	-1.65832320317807	-0.584465898422418	0.756213666582898	-0.069132670064195	0.591713777238794	0.825018016829704	-0.548312625658524	1.23801166489797	-1.37182747690976
ID_118	ID_118	-0.723328274513793	-0.682720386186507	0.181659226724542	0.997496867163	-0.290291690480869	-1.21293994155799	1.55823357941853	1.39642377977963	0.991936642639219	1.69198435575279	0.214730761837632	-0.773204253840097	-0.148957165564167	-0.813934179689221	-0.505666736366937	0.723923567799146
ID_119	ID_119	0.921565422676055	-0.270921238948057	-0.698350868134832	-0.997496867163	-1.64358499743292	0.952717181286225	-0.608676128716242	1.61461876627276	1.36889012427255	0.871645754491035	-0.620356678697979	0.174687331801138	0.0227809391985541	0.162553860267644	-0.311924691781947	0.723923567799146
ID_120	ID_120	0.0126368806555199	0.879963773949735	-0.0697722289495646	-0.997496867163	0.870788281395656	-1.89424867040241	0.771869073903752	0.0458486043019506	0.416615283571863	-0.241184025360266	0.812105163897822	-0.136609812448574	0.783447171009924	0.197423746891226	0.269301441973023	0.723923567799146
ID_121	ID_121	-1.16100302105581	-0.515681617438783	-0.446919412460725	-0.997496867163	-0.759527464996973	0.182377793745899	1.51580986224136	-0.458693816458168	-0.561522991761726	1.7700075229979	-0.771032367878435	0.531787603198905	-0.0881736192304681	1.27413722406024	-1.86186104846187	-1.36866964007694
ID_122	ID_122	-0.357441780418651	0.749524209865718	1.31310077725802	-0.997496867163	-0.497919235035884	0.128592091220596	1.77320688820665	0.887825319873124	1.45825163579451	-0.592894176801529	0.862209833289036	0.70035066390124	-0.411153463042146	0.280177169037902	-0.699408780951926	-1.38866927335141
ID_123	ID_123	1.4922841152839	-0.126886328020589	0.684522138072756	0.997496867163	0.608561006877157	0.802174130302705	-0.567828846258059	0.0254619418354269	-1.11185224227682	-1.31159050957663	-1.25519031050375	0.141821591170726	0.838200538909607	0.0726055911901303	-0.893150825536916	0.723923567799146
ID_124	ID_124	-1.00149211033132	0.443836709632771	-1.57836096299421	-0.997496867163	-0.121540144131145	1.95954952982559	-0.610691937277269	0.265599378884248	-1.1471628449522	-0.966037927585231	-0.572994499334214	-1.94633869988492	0.798640893388822	-0.425421225576194	-1.2806349147069	0.723923567799146
ID_125	ID_125	-0.373417899353661	0.349571380687903	1.18738504942097	0.997496867163	0.364347928979263	1.17451123182523	0.987940817296986	-0.350865337999574	0.848050051751922	0.281335984215213	0.591721900842893	0.477722798589495	-0.150475732516652	0.673150440461816	-0.893150825536916	-1.39287972246183
ID_126	ID_126	0.885462730931274	-0.663284132478782	-0.195487956786618	-0.997496867163	-0.308367791557214	1.90334820266367	0.37757329815382	-0.140189993937457	0.479622578873034	-0.00943607892638647	-0.187923963069053	0.316562566454375	0.152656241917911	-0.524336468967578	0.269301441973023	0.723923567799146
ID_127	ID_127	0.386031733519073	-1.42050559767549	-1.45264523515715	0.997496867163	-0.655404170440761	-0.180018846943229	-0.121556593479481	1.64660686839762	2.04310925863875	1.2037371206174	0.15566031911227	1.21187605286712	0.563865973200663	-0.0205415800007686	-1.86186104846187	-1.37393270146496
ID_128	ID_128	-0.00824052803109251	2.31192048742081	-0.949782323808939	-0.997496867163	1.36484774266387	-0.62658511538144	0.314280530550545	-0.97351542872137	0.279464179196689	1.58070881458499	1.32590343176814	0.326583308971735	0.28065514911507	-0.310874872361171	-0.311924691781947	0.723923567799146
ID_129	ID_129	-0.569657198386962	1.24303018459949	0.684522138072756	-0.997496867163	0.856240734296542	0.07282094378849	0.857569303915788	1.89458849969738	1.85597801442149	-0.201093814976109	-0.843646785400262	2.02799386790219	0.288937509505528	-1.06950977625954	0.850527575727993	0.723923567799146
ID_130	ID_130	-1.19502005758714	-0.190521418432669	0.684522138072756	0.997496867163	0.201477305924927	-0.0417392273340638	-0.633312447716582	-0.66837833300654	-0.905456688162208	-2.07394499556195	0.922263306443174	-0.775941941631099	0.691880180820517	-0.506343498205694	-0.505666736366937	0.723923567799146
ID_131	ID_131	-0.394295308040273	-0.821579429104418	0.181659226724542	0.997496867163	-0.274072723076751	-1.14758571337571	0.651306219424895	0.165991162658408	0.504199410697082	-0.93494165419081	-0.396084056782029	-0.078116395236072	0.30924680741971	1.300424024135	1.81923779865294	0.723923567799146
ID_132	ID_132	-0.538726931571531	-0.0622347880769163	-1.70407669083126	0.997496867163	3.2204276130521	0.753590293433226	-2.08598617762052	-1.2054514927968	-0.740727735810364	0.275511630301534	0.238287942285699	1.27940233003563	-0.448846859636836	-0.717274459837376	-0.893150825536916	0.723923567799146
ID_133	ID_133	0.0296349706451188	1.56516778368271	-1.57836096299421	0.997496867163	-1.0753639981871	-0.414261637047889	0.26890673186251	1.19272887565404	0.332527031449572	-0.0823439841427794	0.751618910051771	1.44460971018826	0.570596145972977	-0.341084449318501	-0.118182647196957	0.723923567799146
ID_134	ID_134	-1.59479844890081	-0.256038946628587	-0.949782323808939	-0.997496867163	1.33884787125268	1.18090436442514	0.920893455364923	-0.540785163876013	-0.485154356492556	0.0142354835847058	0.652120568120344	0.298049456019153	0.59984813830972	-0.150864403336746	0.850527575727993	-1.37393270146496
ID_135	ID_135	0.614765540777889	2.2645753381861	0.81023786590981	0.997496867163	0.111468227277643	-0.730423884007256	-0.519201991239504	2.06703370001857	2.47625043664746	0.790221252187957	0.172328043117156	0.091286592106554	0.257390453764526	-0.0418612528689792	-2.05560309304686	0.723923567799146
ID_136	ID_136	-1.09991417985392	-1.46261803797289	0.307374954561596	0.997496867163	-0.521009597027244	0.942108287334205	1.35080808555981	-0.891367756966522	-0.767649748575902	0.512452665922231	-0.37787841567552	0.544882205463957	-0.540023286404816	-1.20637283740221	0.269301441973023	0.723923567799146
ID_137	ID_137	-0.602652263863705	0.357335182702239	-2.08122387434242	-0.997496867163	1.72310120892767	-0.574930457056106	1.33731604951737	0.127031206624	0.658058683450186	0.502723118164025	1.82356516241138	0.974754043057455	-2.54794607380207	0.6065237189511	-1.08689287012191	0.723923567799146
ID_138	ID_138	0.633619863907457	-0.148355480791499	1.43881650509508	-0.997496867163	-0.855788893674089	-0.23310964375115	-0.350501749030413	-1.32291521073481	-0.44467620122106	1.06343493196334	0.922520913997885	0.237424668341126	-0.371257610864773	-1.43348122943804	-0.699408780951926	0.723923567799146
ID_139	ID_139	-0.0955043421617466	-0.808191718826467	0.433090682398649	-0.997496867163	-0.0949212281625541	-0.142606446749364	-0.0668098885181669	0.897688947670269	0.814846034661467	2.17350386544301	-1.94865439133143	0.944876005529547	0.861257873268363	-1.60736238777265	1.62549575406795	0.723923567799146
ID_140	ID_140	-0.395087857021384	0.561797349566096	-1.70407669083126	0.997496867163	0.243262813550042	-1.17875058026283	0.166468651903477	0.0521850922148104	-0.13195017342124	-0.199435231762246	1.42375308534942	-0.401668819012264	0.172614032752809	-2.0644278434427	0.269301441973023	-1.36445919096653
ID_141	ID_141	0.483285836122142	-0.882539652328096	1.06166932158392	0.997496867163	0.861688326401742	0.0380293308716059	0.774082842107898	-1.59149300355946	-1.20721941033729	1.59732923657167	-0.0798347183170927	-0.255606129842231	-0.210492445823437	0.905229374207834	-0.118182647196957	0.723923567799146
ID_142	ID_142	0.331512706239549	-0.734689712073169	1.43881650509508	-0.997496867163	-0.496247814730879	1.0630417366076	0.0433232690316147	0.11162443980715	-0.349795284456897	-0.380402975272986	-1.37136616552714	-0.157985920281409	0.393840026001789	1.38985962988206	-0.505666736366937	0.723923567799146
ID_143	ID_143	0.775965832225267	-1.145248389653	-1.82979241866831	0.997496867163	-1.89330757189176	2.27947750395819	0.569076318522412	1.13686131528629	0.540607854032123	0.17150036077187	-0.342388338078149	-0.513445994611449	-0.330459839033796	1.06362819751975	-0.505666736366937	0.723923567799146
ID_144	ID_144	-0.804939963016004	-1.09417514427445	0.935953593746863	0.997496867163	-0.445238543200368	0.111199593836999	-0.299690095511583	-0.942914828556828	-1.29410134226754	-0.293371458601459	0.197811612859349	-0.80870864237966	0.0581966665537324	-0.482270272054461	0.463043486558013	0.723923567799146
ID_145	ID_145	0.804038751398274	1.36975536123401	1.18738504942097	-0.997496867163	0.0226972377451763	0.93690642167838	-0.182018779600355	-0.812322045039801	0.0529944500598532	0.162623279818787	0.437347997607012	0.101691818718092	-0.302143990980369	-1.72683586972316	-0.505666736366937	-1.38024837513058
ID_146	ID_146	0.749749146192228	0.99075677289334	-1.57836096299421	0.997496867163	0.334448076856404	-0.446485407885307	-0.0426020797209193	-1.34841571087193	-0.952884310718145	0.420784956617446	0.570556864147869	1.77804901160085	0.223808643126432	-1.94538361337688	-0.311924691781947	0.723923567799146
ID_147	ID_147	-0.533429367329374	-1.19721437195567	0.935953593746863	-0.997496867163	0.0698065285640097	1.04777366527428	-0.326927652505345	0.637271314889504	-0.846658033739293	0.785926346055432	-1.4764442870936	0.160794572764665	0.463326090386007	0.240850379607062	0.850527575727993	0.723923567799146
ID_148	ID_148	0.845835281875767	-0.617824764611893	-1.07549805164599	-0.997496867163	1.31241466865131	-0.781509381459306	-0.209352902273687	-1.29848281235428	-0.851499405341621	-0.0937574810034161	0.658931711866892	0.48741743417881	0.164214704657274	0.884615528018194	-1.08689287012191	-1.36445919096653
ID_149	ID_149	-1.13610029780724	0.318749889151144	-1.70407669083126	0.997496867163	0.54752321351662	1.57960155616032	0.134807179714407	0.827942933288503	1.77595796413846	-1.27327072291502	-1.28295525275046	1.91405271114468	1.15038754508073	-1.55280837551877	0.850527575727993	-1.36024874185611
ID_150	ID_150	-0.485918141567034	-0.340511252438317	0.181659226724542	0.997496867163	-0.193968357348012	-0.113115971733645	-0.180739284346051	0.149952464255668	0.725371265849998	-0.0541924598121089	-0.240338135709759	0.119988027786049	-0.385933937370957	-0.523582839238212	-1.47437695929189	0.723923567799146
ID_151	ID_151	-0.426059836941083	-0.574816243806376	0.684522138072756	0.997496867163	1.78346424372063	-1.36860544040106	2.19429964003731	-1.08524711504607	-0.489929283818371	-1.46433351357833	-1.05687371058533	0.745014731757722	0.521636806562292	0.378957295642856	0.850527575727993	-1.36235396641132
ID_152	ID_152	0.346821415506255	-0.695991071024965	1.56453223293213	0.997496867163	-0.414348219785654	-0.0465903310563534	1.07356240663372	0.675245595026355	0.74391827958044	0.594009762642823	0.192167946550749	-0.742515981506396	-3.9700800990378	0.090295158915338	0.463043486558013	-1.36340657868893
ID_153	ID_153	-1.20313325636745	-0.677170036770573	-0.698350868134832	-0.997496867163	0.412447691089951	1.30435932873017	-0.592441023838507	0.933846424497689	-0.702277641069725	-0.453341434855154	-1.77884979556839	1.20242499097097	-0.179414468830849	0.0195437170217634	1.62549575406795	0.723923567799146
ID_154	ID_154	1.25451942095086	-0.229403956600075	-1.45264523515715	0.997496867163	1.55948773240444	-1.28931338897302	0.254608975931152	-1.3192060470785	-0.544111571120788	0.812214630571294	0.661162593290686	-1.26132291544433	-0.261128792090041	0.611684497291998	0.269301441973023	0.723923567799146
ID_155	ID_155	-0.642863696378978	-0.932683381358674	0.684522138072756	0.997496867163	-0.0426119630614842	0.560512394396289	-0.485657488298816	-1.25286696820327	-0.0371039888925272	-0.565764205983185	0.191717133330005	-0.819327247598438	0.545853751904252	0.696783683431244	-0.311924691781947	0.723923567799146
ID_156	ID_156	-0.989457879749727	-0.975006467447162	1.56453223293213	-0.997496867163	-0.408095869755823	-0.53612162727779	-1.12324445837082	-0.130477480215198	-0.555562638139022	1.21403913036079	-0.435386210974008	0.0629323999152557	-0.135557820388967	-0.876453741121453	-1.47437695929189	0.723923567799146
ID_157	ID_157	2.11973262969753	-1.09820750656097	0.81023786590981	-0.997496867163	0.559594582386096	-0.226656947804039	-1.36958954230931	-0.46649027239908	-0.660195762578742	-0.71110498250279	2.42159594852098	-1.37381974059152	-0.330121619163694	0.559135286454093	-1.86186104846187	0.723923567799146
ID_158	ID_158	1.30117552807568	0.0398214259125705	0.81023786590981	-0.997496867163	-0.0380929377923973	-0.729259089661932	1.80264734976561	-0.756835704270064	0.312007830784431	-0.851216926992594	1.17382738792028	-0.729728362614967	0.123355932456868	-0.874112367204977	-1.86186104846187	0.723923567799146
ID_159	ID_159	0.992289990964069	0.118589577443034	-0.195487956786618	-0.997496867163	-2.32150069225164	-0.611164826605268	-2.40706706219134	0.866882282858154	-1.01355397556379	-0.809495805273013	-1.63851035191314	-1.06939791675782	0.623962409762543	0.609411413448087	0.269301441973023	-1.36340657868893
ID_160	ID_160	-0.566820707296673	-0.534308723822016	1.06166932158392	-0.997496867163	0.240477113041701	-0.69423584150592	-1.23451829801053	0.175487308500716	-0.45166040074095	-0.0829942732860665	-0.513086316840933	-0.637452180012354	-0.677888147741373	-0.918257021255199	-0.505666736366937	0.723923567799146
ID_161	ID_161	2.75585746979909	-1.26639312461572	-0.0697722289495646	0.997496867163	-1.43515269495327	-1.04646038612253	-0.235974853060189	0.483155564969897	0.466860747490851	-0.918419236773604	-0.463596299075258	-0.219455063212329	-0.628413425671485	1.8144580339103	-0.118182647196957	0.723923567799146
ID_162	ID_162	-0.714756231586522	0.885513120290473	-0.824066595971885	0.997496867163	0.0419495234805998	-0.488682730304568	1.80174808187461	-0.62480974112917	-0.394315969915366	0.474281615607225	-0.297996373820197	-0.447283528824114	-1.16027222425993	1.49657262398777	0.850527575727993	-1.36340657868893
ID_163	ID_163	-0.581232584821597	0.303406516600072	-0.0697722289495646	-0.997496867163	1.16947728034555	1.17746954473637	-1.82714187353268	-0.697406316469024	-0.829299466500126	-1.14554770900078	1.41736441799259	-0.131411225154262	0.224624195920349	0.627644862822642	-1.66811900387688	-1.35814351730091
ID_164	ID_164	-0.303965580745851	-0.453009479214527	0.684522138072756	-0.997496867163	-0.598885402349309	0.67843458556103	0.211009571605219	-0.226673265877234	0.618743303017677	-1.56509950591446	1.19284912976011	-1.45668008889824	-2.27773255615323	0.343859125062418	-0.505666736366937	-1.37498531374257
ID_165	ID_165	1.37000215011946	-0.136693059850067	-0.949782323808939	0.997496867163	0.513661476226341	-1.76421063260138	-1.74940650147869	-0.82989489474372	-0.40777093590936	0.0446318890536387	0.465607546358766	-1.77040199919843	0.0288667427219202	1.08311037964976	-0.505666736366937	0.723923567799146
ID_166	ID_166	-1.74713470569103	0.450484088954348	0.81023786590981	-0.997496867163	0.516942412380609	-0.343864378802331	-1.00761912779549	-0.0250548065170154	0.473263559591248	-0.759865138299974	0.113463686435562	-1.01983268320344	0.060816259976208	0.11028268758232	0.269301441973023	-1.38024837513058
ID_167	ID_167	0.562853582515174	-1.07966398977737	-0.0697722289495646	-0.997496867163	1.18018675118873	1.47215589595381	-2.28228006276679	-1.65013900225864	-0.73786157133712	-0.278342746122424	0.185004395669356	1.30407171524058	0.267535036654055	0.24077867503087	1.81923779865294	0.723923567799146
ID_168	ID_168	-0.133087849108076	-1.4455958519027	1.31310077725802	0.997496867163	-0.243677635307963	0.839460785652472	-0.515954970263957	-1.68464109308389	-1.14870163399237	-1.36857728423437	-0.128865627898762	1.14519020559032	-0.990473770187971	-0.915525418352644	-0.505666736366937	0.723923567799146
ID_169	ID_169	1.40149554384252	-1.41154479259434	0.307374954561596	-0.997496867163	-1.91627412497163	-0.0755778266956825	0.831247913806948	1.0914790110692	1.30586772799944	-0.903430302619823	-0.154566927546196	-0.571954006115483	0.0853279397763994	-0.274118228589896	0.269301441973023	0.723923567799146
ID_170	ID_170	0.171209246533954	-0.100876588197366	1.06166932158392	0.997496867163	0.875740637854928	-1.57181572661238	0.37409089833432	-0.550003122444098	-1.01537817297353	-0.937293763858019	0.831977010668199	-0.0290518968566992	0.499300202641015	0.821559401730104	-0.893150825536916	0.723923567799146
ID_171	ID_171	1.54530147080974	-0.276444839692107	-0.824066595971885	-0.997496867163	0.527713787679528	-1.21935954675665	0.91111014495347	-0.207096437475671	-0.997527314049286	0.411769112723947	1.78107022018632	0.512076754355119	-0.118058968538246	-0.911335334614617	0.463043486558013	0.723923567799146
ID_172	ID_172	-0.248070021025451	1.06187814784896	0.307374954561596	0.997496867163	-0.411252996998608	0.242933863403402	-0.419075452235182	-0.345635760685259	0.236733864970822	-0.424498690061007	-0.333700265687979	0.034404585979859	0.335450794498516	-0.281602332756665	0.850527575727993	0.723923567799146
ID_173	ID_173	1.49722711813977	-0.433997860672961	1.31310077725802	0.997496867163	0.508461501944105	-0.391164294632077	1.03377288048813	-0.357634905113416	0.0820354312072958	-0.186396588540859	-0.191613830639706	-0.0675878720236523	0.0532164393628952	0.864240697082528	-0.118182647196957	0.723923567799146
ID_174	ID_174	-0.141805887900287	-1.18019218588548	-0.446919412460725	0.997496867163	-1.0031834027932	0.348903676229187	-0.51902093059031	0.726730847222389	-0.103354972965315	0.506024142662661	1.12472738799243	-0.416665711690917	0.260659912508839	-1.37492737007684	-0.505666736366937	0.723923567799146
ID_175	ID_175	0.658355734738948	-0.352009837764459	-0.698350868134832	0.997496867163	-0.0925069543886587	0.399631793598012	0.66734819294349	2.82384389674796	3.24478420133026	-0.967323516937652	-0.315181889010052	0.577842154762471	0.336942585711285	0.122705139567923	-1.47437695929189	0.723923567799146
ID_176	ID_176	0.940002614762933	-0.0717305665957429	-0.824066595971885	0.997496867163	0.0354495556278039	-0.599152884919107	-0.190818327151187	0.650030150985045	-0.492991760926768	0.778016800801975	0.868722152272121	-0.428290819774035	-0.256166220781708	1.44466729097689	1.81923779865294	-1.39077449790662
ID_177	ID_177	-0.252616749390767	0.793971809218594	-0.0697722289495646	-0.997496867163	0.431699976825375	-0.363725446020054	-0.371595314661523	0.761030307810862	0.780150041543843	-0.657265884017344	-0.993646512357157	-0.0562722635713194	1.2888181194143	-0.415587455126996	1.62549575406795	0.723923567799146
ID_178	ID_178	2.27868041351438	-0.719432938347322	1.56453223293213	-0.997496867163	-1.41070043493562	-0.832455897767881	-2.20421878154425	-1.06836698599907	-0.911814197346801	-0.0114497845802002	-0.355191433547266	-0.0916588912757553	1.24252024826715	1.10646558446661	0.269301441973023	0.723923567799146
ID_179	ID_179	-1.32873141332128	-0.440862238595198	-0.698350868134832	-0.997496867163	0.736641325805101	-0.60165454550168	0.877959750692527	-1.09850050629579	-0.244316505588822	0.118778572028095	0.739902918463532	-0.657008530666463	-0.706119440827274	0.570427537738763	-0.311924691781947	-1.38972188562902
ID_180	ID_180	-0.395296422542728	-0.886037041176931	0.81023786590981	0.997496867163	-1.12315423801908	1.44385006973248	-2.01286785212098	0.213983619078085	-0.595057720137556	-0.485198684906613	-2.05219201972072	-0.166040459453283	0.619503141832337	0.698490935245341	-0.699408780951926	0.723923567799146
ID_181	ID_181	0.574783530336096	-0.16829327209705	-0.446919412460725	0.997496867163	0.310119625750226	0.199498946992234	0.515381575932915	-0.875092084219073	-0.630495170977183	-0.194860147860538	2.39660286356295	-1.30132637178749	0.272686850032563	1.97252028472173	-0.311924691781947	0.723923567799146
ID_182	ID_182	-0.36409502054955	-0.484766839908828	0.307374954561596	-0.997496867163	-1.3266960884952	-2.04557067760436	-1.18618717538566	0.168879502135218	0.157984636980974	0.37880902301725	0.701251480954752	1.55732293345128	-0.881246871066843	-1.09023581328268	0.463043486558013	0.723923567799146
ID_183	ID_183	-0.0761286052288168	-0.55939563446524	0.684522138072756	0.997496867163	0.236886654608728	0.293575944826267	0.21362891566356	-1.87670364785401	-0.870600624742075	-0.408516450770804	1.02791846893218	0.603048509245549	0.510960735305462	-0.950821630143518	0.850527575727993	-1.37393270146496
ID_184	ID_184	0.554156400275097	-0.969867378861445	0.81023786590981	0.997496867163	-0.0387738868055479	-1.72169696262697	0.253782132299832	-2.05613443972792	-1.04116459264956	-0.561094576496815	0.439079120374667	0.510556935029967	-0.611186357644953	0.426598889194581	-0.505666736366937	-1.37498531374257
ID_185	ID_185	-0.0657628988179819	-0.817547066817902	-0.949782323808939	-0.997496867163	-1.36841969166457	0.903451674998744	-0.297179387842759	-0.408770534290735	-0.996870421770118	-0.263772349130014	-0.160143255239995	0.719751509862809	0.217217986050534	-0.00947858824542015	-1.08689287012191	0.723923567799146
ID_186	ID_186	0.673998148839806	-0.678965541370788	-0.0697722289495646	0.997496867163	-0.0111025950893603	-0.118271510341644	-0.304180399611596	0.288781651736175	0.199512838335964	-1.23058108545012	-0.330987142921767	0.44655341788664	0.47017504275556	-0.967811224624946	1.23801166489797	0.723923567799146
ID_187	ID_187	0.509711087676525	-0.0183937148590101	0.558806410235703	-0.997496867163	0.0933921262012967	0.170034944575272	0.378068197261617	-0.142041141354818	-0.569558218928286	1.37315819635252	-0.40737035896901	0.0711258364824086	-0.838564731388158	-0.992620032414938	0.269301441973023	0.723923567799146
ID_188	ID_188	-1.22968364723464	1.26995941001872	0.81023786590981	0.997496867163	-1.39497670317742	0.27425756588307	0.265816630116265	-1.10730976997952	-0.156273308916781	0.788065151659683	0.152231047343963	-1.5318960479503	0.0202715893480234	-0.422607674586563	0.0755593973880333	-1.37182747690976
ID_189	ID_189	-0.442369660710244	0.199969068066175	1.06166932158392	-0.997496867163	-0.840746110929049	-0.206551009047811	-0.309835527221425	-0.143686224124607	-0.315973637614304	-0.816817323109667	-0.0410719943446774	0.344282158589707	0.60667897175766	-0.0230731905479581	0.463043486558013	0.723923567799146
ID_190	ID_190	-0.60188057143473	-0.212879964543723	-0.195487956786618	-0.997496867163	-0.0609975864165348	-0.894878285637778	1.33358680367947	-0.124092910551238	-1.12290917392756	-2.20472921102836	0.970523505742661	-0.745298961926294	0.923347391207626	1.02451749738995	1.81923779865294	0.723923567799146
ID_191	ID_191	-0.325635538413573	-0.693951484793809	-0.0697722289495646	0.997496867163	0.026721027368336	0.756303734805858	-1.3594803227293	0.487242513813422	2.06841848760164	0.662655622082335	-1.30849446572447	-1.69425502499685	0.662750994508037	-0.356173628637723	1.62549575406795	0.723923567799146
ID_192	ID_192	-1.6172400989975	-0.553698167353944	-0.195487956786618	-0.997496867163	-0.219906324303453	-0.631019275673301	-0.908415998102057	0.662778683848208	0.0395494507073353	-0.178043716734931	0.517814293396419	-1.08162189404522	-2.43671602723599	-0.0686394975730903	1.62549575406795	0.723923567799146
ID_193	ID_193	0.775194139796291	0.13007813201722	-0.949782323808939	0.997496867163	-0.846503225312953	0.44054519497754	1.134878233362	-1.83677518797601	-0.752240716813531	1.91538288936555	-1.28160023701268	-0.835315545598465	-0.436036782056747	-2.07049102631391	-0.118182647196957	-1.38761666107381
ID_194	ID_194	0.121195234515476	-0.475565296780726	0.684522138072756	0.997496867163	0.3654622091826	0.745119061830865	0.403024390075533	-0.906273099807612	-1.20030769548269	-1.76829756826766	-0.955329964669501	-0.510441583561396	0.117235763378843	0.191650309042183	-0.699408780951926	0.723923567799146
ID_195	ID_195	-0.75676132758536	0.222330957761214	1.06166932158392	-0.997496867163	-0.183073173137611	0.42056500106541	-0.383515140733466	-0.172602589236322	-0.280709847951928	0.31007899494749	-0.789332808565076	0.379446349161124	-0.314988293190171	-0.203731650798305	-0.505666736366937	0.723923567799146
ID_196	ID_196	0.894368478692696	-0.949708911012851	-0.949782323808939	-0.997496867163	-1.31963898054074	1.40428677088958	1.3046659861837	-0.198728152137745	0.403867043064421	-0.395404015873583	0.119655541620587	0.503217012891774	0.275841555606663	0.0403975540378418	0.463043486558013	-1.36656441552174
ID_197	ID_197	0.684718416636927	1.26173753699837	0.181659226724542	-0.997496867163	0.91257378902077	-1.84759005327756	-0.117036112604603	-0.284112412623802	-0.554880074207564	1.14306652714264	-0.297188516528625	0.166664346494061	1.14797370207923	0.485469809606971	1.23801166489797	-1.37603792602017
ID_198	ID_198	-1.42684063456186	0.911319904565776	-0.698350868134832	0.997496867163	-2.11077792490958	-0.874825292079064	1.18841358222665	0.0468239769671279	1.37693894231385	-0.66763130848215	0.338529739620021	0.331680239476749	-1.5026292481295	-0.449331043339506	-0.893150825536916	-1.37393270146496
ID_199	ID_199	-1.19268412374808	-1.16469467411268	-0.698350868134832	-0.997496867163	-0.260948978459677	1.58232823383233	-1.48586065586677	-0.513645694220317	-0.963421768934317	-1.06943851334762	1.00723773444002	-1.2493455313587	0.176410550794697	-0.268002364805568	0.269301441973023	0.723923567799146
ID_200	ID_200	1.8914785231378	1.81715699075009	0.684522138072756	-0.997496867163	0.135177633826412	-2.51982397526795	-0.627633178686861	1.52101046570207	2.59313195942357	1.25461878709481	-1.0557402373446	-0.660028039259481	0.581533934986434	-0.983883780989087	1.81923779865294	-1.37603792602017
