FID IID trait2 TDI age PC1 PC2 PC3
F2 I2 -0.386485171687587 -0.29829887482227 0.0675617673386771 -0.223872394312507 -0.11467346887451 -0.316993463840136
F3 I3 0.0791946695403778 0.104648308761844 0.162966530262023 0.23477644273467 0.172024800319163 0.362310296228341
F4 I4 -0.0219081776807108 0.183814396663087 0.309945427346557 -0.120365688169321 -0.307603051306422 0.293608978298676
F5 I5 -0.498881895174157 -0.296902805355818 -0.188651301141853 0.269725983237729 0.236121152550855 -0.0617906037983963
F7 I7 1.37810897028787 0.36257995876369 0.0123730221528566 -0.695891784403017 -0.0737885599470609 -0.58833007531345
F8 I8 -1.39660300271174 -0.828195011895721 0.31037620301605 -0.0938113415080349 0.0606951162310317 0.0726815045171411
F10 I10 -1.62634850182042 0.0300896201629085 -0.0525526470208421 -0.499295704732088 0.0493940563168968 -0.0163369719123269
F11 I11 -0.32233042863503 -0.413141358824322 -0.257483508400822 -0.0948383767590028 0.302474611233807 0.175115997139278
F12 I12 -0.724602211988429 -0.207182198302064 -0.082556353335033 0.18990973538896 0.4831420196644 0.0457997827449868
F13 I13 -0.0356751422885137 0.498913405329278 -0.140703524980677 0.131637584795829 0.538511331431009 0.148700147629001
F15 I15 0.296642409236354 0.199074700518596 0.506806141526607 0.0907995717014559 0.478564274278375 0.221787976128713
F16 I16 0.728814430936401 -0.150614892046038 0.21724276481342 -0.202642872291244 -0.361651250504837 -0.0141447017254978
F17 I17 0.155681909564109 0.286363172509137 -0.0778526132448487 -0.119081573828307 0.26773433285031 0.0457036436415188
F19 I19 -0.440894999516607 -0.291662821729214 -0.155255885686293 -0.00388146183943244 0.00265616345952969 -0.327711300768977
F20 I20 0.520537547443209 0.969608432058191 -0.17316356733275 0.0562218622741908 -0.314335571908133 0.0923631182615948
F21 I21 0.474523996991859 -0.200257133944306 0.0387185819223227 -0.143838157769897 -0.0989748024932154 -0.127420040849029
F22 I22 -1.29184427235244 0.14240145363626 -0.0537076077367189 -0.762854954382391 -0.291417920111939 -0.303529340936688
F23 I23 -0.410371716109991 -0.110215699579066 0.20803085017601 0.594088454565961 0.107056118874586 0.0408532792711282
F24 I24 -0.101708055195893 -0.37062733707648 -0.0574248303814114 -0.204693726566918 0.162241863177942 0.152774290754302
F25 I25 -2.24171159983669 0.20070507359995 0.0731632894014287 -0.0897382177542501 0.201036756746478 -0.263026684580322
F26 I26 -0.267778189512708 -0.0877589912311491 0.241861529825922 0.0853918213375653 0.264657625305504 -0.325294218427263
F27 I27 -1.50680551109706 -0.0766485832895965 -0.0435728405618228 0.187109626853246 0.35892653042064 0.186639912694884
F28 I28 -0.0376257083896068 -0.235453650669806 0.316288552404244 -0.0831868823863485 0.0219281333580781 0.1758277127816
F29 I29 0.742965321579132 -0.186201170918405 0.462655511399158 0.301935810153997 -0.00398626316748429 -0.0216809747069316
F30 I30 0.199934025633627 0.461244047196257 -0.488914001203925 0.0447713095367413 0.0221879709254809 -0.312445093089025
F31 I31 0.432060562667242 -0.99219460200044 -0.309743629771424 0.0420216477832306 -0.0075554512503128 -0.0811443804567088
F32 I32 -1.10150784875042 0.441299958478519 0.498226885949657 -0.0419967513539476 0.76075696758373 -0.218220386127033
F33 I33 0.262790219695527 0.31799721719391 -0.1285269796391 0.546302481266912 -0.320167914011021 0.499546544681291
F35 I35 -0.917335379013196 0.212655653426544 0.326189633485799 -0.443187959598201 -0.0987556784770342 0.247796331405393
F36 I36 -1.14116756751535 -0.0352164789663414 -0.0350403053784658 0.0443143088208468 0.379276739127138 -0.0107092569896465
F37 I37 -0.473924880109048 0.0640568888508113 -0.264520723280432 0.344673021486102 0.362932325349347 -0.236601881032805
F38 I38 -0.239160163263992 -0.43025742786692 0.274825375538178 -0.295966067535674 0.260854576835022 0.0925094595291985
F39 I39 1.78023453442266 -0.353623291997626 0.71042777226375 -0.383264964131152 0.272325433267983 0.703711553134791
F40 I40 -1.1782975701721 -0.306862135110786 0.258308827205581 0.206087269217701 0.011815794925687 0.0861851517632217
F41 I41 1.55048476161888 0.32262039723432 0.300026625101487 -0.158628762287907 -0.32695834444559 0.378209924263444
F42 I42 -0.834026616066443 -0.19224331973102 0.365617674260322 -0.00747434732689661 0.0690587154982393 0.476853198619515
F43 I43 0.224932377619496 0.467555088278988 0.412364641656186 0.0324328887487944 0.207036882458852 -0.443406635444558
F44 I44 -0.987142154160107 0.0838726787779251 0.00500682886535724 0.61492337103413 0.235277759818781 0.12531015037301
F45 I45 0.366338022361867 -0.565880416338823 0.0679461281957085 0.149846937468447 0.396032671205948 0.00654950800028601
F46 I46 -1.02529517169571 -0.130788348807302 0.409213476019689 -0.133403390465193 0.128398683991196 0.355837982586664
F47 I47 -1.67272341827128 0.229432528238864 -0.206849527875345 -0.149364095456408 -0.0879266380885832 0.697769604821915
F48 I48 1.74504255885484 0.209438572183097 0.125912604899569 0.332037236312558 -0.315829964799524 0.016574622777923
F49 I49 -0.300111823836222 0.05188924964185 -0.269554972653247 0.0853546537437378 -0.0643354263463095 0.343982192791957
F50 I50 2.04494640848033 -0.321173294262787 0.0963921298650901 -0.03403585487643 0.0183269555753462 0.149367656086105
F52 I52 1.35284447019579 -0.000677653513449466 -0.122878536984661 -0.283719820872248 -0.054617207048865 0.495489885121551
F53 I53 0.511368396167749 0.0590265291167336 -0.0455243147742923 -0.440890690177593 0.23214504733563 -0.58702512840594
F54 I54 -0.140333455218252 -0.260793962182175 -0.0154767659560623 0.153642487767499 -0.313748379788817 0.0693655183170306
F56 I56 -1.41428331834542 -0.120033282466735 0.422137637706884 -0.29906605493411 0.215533454808335 -0.20782489633409
F57 I57 -0.91501280540475 0.264703209952521 0.550103878946018 0.26349771198367 -0.00972557814712397 -0.207415107952107
F58 I58 0.486830324016529 -0.217822227624086 -0.615419869057955 -0.223222075077286 -0.252935680617205 0.377025428007918
F59 I59 -0.282559616476596 0.390837444758628 0.208115341291921 0.015470538288783 0.176353348610148 0.152449576197477
F60 I60 1.46236746876045 -0.00367288499511031 0.132373223525364 -0.0783718109990581 0.141189790638547 -0.309363575468019
F61 I61 -0.310111506318784 -0.385030196166713 -0.115121931046719 -0.256917964160255 -0.0426069910754576 0.133706444104178
F62 I62 -0.200441218397315 -0.275053597975049 0.521491570528926 -0.0217682366698802 0.324674154190063 0.0526537498604745
F63 I63 -1.77507793998318 -0.158142053817588 0.0368297967093643 0.566098240244638 -0.168107179512704 -0.222198401220481
F64 I64 1.70028246953586 0.180074223036959 0.374795184771918 0.175392878822491 -0.403869221508727 0.088879219785454
F65 I65 -0.735966659448886 -0.193279084708551 -0.573084434935873 0.283889148109737 -0.584765740179941 0.0113132657077896
F66 I66 -2.06053705924772 -0.166537155949002 0.105657576655187 -0.29023696836198 0.063742597913357 -0.0106669821622191
F67 I67 -0.446281062794433 0.153885403505743 0.0960276033541186 0.536293685705597 0.113047933539644 0.360517648596094
F68 I68 0.338178465991515 0.0224694980765874 -0.0225634652466357 -0.377711362546161 0.304803303560376 -0.120505349519486
F70 I70 1.55068382291635 0.0221823125591923 0.70952298532229 -0.360679635881679 -0.158977930187878 0.379402428372102
F72 I72 -0.213286504823606 0.183223587860555 -0.153690247244481 -0.255371210022714 0.212547262198595 -0.0140862392751614
F73 I73 0.628421711388903 0.235587289653024 -0.693541906372424 -0.198574149008516 0.1846125007498 0.600905557854515
F75 I75 -0.940904644363723 -0.163851646419519 -0.100658405852007 -0.274898957064335 0.00115542830307246 -0.240565220459774
F76 I76 0.258636388296375 0.0751585584217793 0.0293587949923138 1.00893183867321 -0.252827170002568 -0.403000583722637
F78 I78 -0.150018023973279 -0.586151198667446 -0.142019653501047 -0.0310678239367289 -0.124071540176919 -0.290259052085206
F79 I79 1.75676959252646 0.285387884807939 -0.234951097611827 0.154599660532554 -0.373594835621408 0.473501270394144
F80 I80 0.344679278282167 0.163189613871189 -0.371341580104337 -0.42183030942514 -0.146070143982773 0.143325825835416
F81 I81 -0.864998039617448 -0.647662249839874 0.0796727145879365 -0.142039785956306 -0.0261858673543664 -0.0488459200454876
F82 I82 1.43396650389767 0.00938832252408158 -0.0458670579527438 0.141754573768307 0.537502638421563 0.175708758819363
F83 I83 1.00890975611249 0.183040952476977 0.0149814015495233 -0.349462244720443 0.122417968879106 -0.572079386967393
F84 I84 -0.14305589074832 -0.453368599612386 -0.663576257434006 -0.436801191909589 0.162340260381277 -0.455533403182593
F85 I85 1.0484796046382 0.353764532077246 0.119120596709025 0.0822792105686005 -0.16517061203007 -0.14846431821788
F86 I86 -0.874308688294459 0.0328467620080131 0.449914188167142 -0.278164747758593 0.0120902262827047 0.00951273758432032
F87 I87 1.38685991543754 0.112573837432852 -0.15597249319641 0.0604091847032283 0.659137667730393 -0.457966114328888
F88 I88 -0.682061602582535 0.0409795778427797 0.012289255160853 0.327426995041777 0.0826887890075525 -0.594805650262542
F89 I89 -1.82551487573397 -0.135866102418255 0.343294784495449 0.261228492566446 0.319797889478877 0.349646416191814
F90 I90 0.606259990622161 -0.352232965407811 0.60183840209984 0.39824795966674 -0.225051491433693 -0.139234813442359
F91 I91 -0.872961553544421 0.343713514677556 -0.382996306170004 -0.0455910777909385 0.338117796193398 -0.357146464763099
F92 I92 0.973541067985748 0.501441144918965 0.701087609441818 -0.15761147843518 0.551145122019461 -0.443762317460274
F94 I94 0.106212822129927 -0.209588938762106 -0.177962731344601 -0.224031955235651 0.170129977864144 -0.0666906218735404
F95 I95 -0.016834488402413 0.157631333406083 0.00599559916649022 0.426008646450513 0.301001632295163 -0.117200947682871
F97 I97 0.956688268888994 0.483894020148751 0.168649889469227 0.18012234822994 0.441134894239677 -0.433479198100519
F98 I98 1.63394522056008 -0.145597560903257 0.41065357388888 0.171836185193713 0.377551163735182 0.303770417686552
F99 I99 1.08881864821727 0.0776259607899888 0.560386124920041 -0.41710228917576 0.24560076144749 -0.311116173439921
F100 I100 -0.979982698399976 0.085824690761444 0.473711472615727 0.160395294414412 -0.213812463984807 0.187416025817415
F101 I101 0.123916232231712 0.175148047391461 -0.125375524525987 -0.0249497552143068 -0.196265106424893 0.112836263778357
F102 I102 1.01085959590083 -0.739562660358847 0.341434899362394 -0.412464774647299 -0.585029390525212 0.19016286290789
F103 I103 -0.865204351062253 -0.137958231124523 0.486654433172937 -0.353632732198329 0.523284579134299 -0.0453777290010569
F104 I104 0.292866302096904 -0.108441718630285 0.214324472915024 0.344339107786439 0.601883106160353 0.755568682295891
F105 I105 0.884776282620356 -0.224092674312383 -0.0613214062637941 0.698428760024163 0.241339690534777 0.109293983350625
F106 I106 0.658514958624454 0.143195261135 -0.332291531911365 0.404192478838706 0.0687935540463342 -0.406580785419893
F107 I107 0.478980750869005 0.00547056897109786 0.0715827368506504 -0.0848100656357935 0.603049840732249 -0.0828718806681487
F108 I108 -0.858860498746988 -0.183291367044636 0.167640103837738 0.211300906537093 -0.172961765712398 -0.472201822657059
F109 I109 0.566089462558462 -0.346401660684074 0.0267317458098337 -0.186379870103832 -0.0662889020501205 -0.122953036209874
F110 I110 0.249940933716758 0.00494252761974767 0.210688739284332 -0.416338402847865 0.668653311052092 0.198172059567717
F112 I112 0.716202072651343 0.438869992173339 0.278188897543019 0.613380050462787 0.380199037043248 0.272751867296157
F113 I113 -0.574161121069842 -0.0622066392504764 0.311048059008121 -0.991919194484555 0.138330046163413 -0.105811532498976
F114 I114 1.69657893776779 -0.0092342082833066 0.79692676160105 0.188895049511341 -0.160400628874581 0.00615881535839213
F115 I115 -1.46309933375747 -0.0321161594875711 -0.300581236844995 -0.0565102372171215 -0.512608134306987 -0.268941743059048
F116 I116 0.787629943270624 -0.0611671916606174 -0.266761267412642 0.131766166495128 -0.12852946132522 -0.457229455583069
F117 I117 2.27515323510863 0.275242939266803 0.257155671973227 0.525356539257457 -0.050043271631086 0.104874334700658
F118 I118 1.1785310625777 0.174308776428924 -0.356959653272099 -0.218411245593001 -0.122918518568544 0.0661072897671356
F119 I119 0.0687614592990836 0.384586347152403 0.23652527930382 -0.116094480695861 0.155030510202876 0.859509041903093
F120 I120 0.168820679759914 -0.558441975726335 0.159508059419675 0.315407392480067 -0.305718923594865 -0.241958425444087
F121 I121 1.02513413993159 -0.320827839933454 0.0351797121082079 -0.251754358840636 0.130266197883945 -0.322802979884611
F123 I123 -0.0551987583115249 0.299859017056207 0.101798865491501 -0.140346884271374 0.454236078057233 0.13663442609265
F124 I124 -0.355046064618182 -0.0639595467747064 0.0274806300346441 0.295266809047054 -0.635149515171185 0.151318575516357
F126 I126 0.752700679685369 -0.00123572390814482 0.236627622588813 -0.0934789260228885 0.900465931210342 0.164278778211717
F130 I130 0.718730429687578 -0.0729636933976796 0.202594728862056 0.2368611125808 -0.227637194774638 -0.304360546774842
F131 I131 -0.171354992761009 -0.172880563691322 -0.059319052182231 0.722472638115861 0.232177575000066 0.673160455535487
F132 I132 -0.322143971244758 -0.176585672087958 -0.199611238280149 0.0176896016605408 -0.0335275530290613 -0.169807878227494
F133 I133 0.302195338578173 -0.110764108974247 0.0328872964992625 0.569358844976059 -0.105504536918768 0.195446485398593
F134 I134 -0.101868675361264 0.133512520160909 -0.313483252961929 -0.145223644861579 -0.150462257344591 -0.181823913382066
F135 I135 0.566130619684932 -0.0133698232782701 -0.314665726241718 0.035823860285624 0.0727224664929345 -0.267813361877076
F136 I136 -0.568097010775767 -0.37068050432326 -0.140767961815492 -0.16008633185653 0.30297273545517 -0.268821248459488
F137 I137 -0.630913348941175 -0.177270486465872 0.0786933535591866 -0.167685702562899 0.52593213798574 -0.24210286639461
F138 I138 0.595251695284299 -0.089815942697259 -0.0611697027103002 0.296415578550976 -0.256151888921539 -0.261874642277541
F139 I139 -1.17828347861522 0.190724930835729 -0.0307599556226803 -0.129144716543955 -0.394859564669182 0.231611911466036
F140 I140 0.0452540242789673 0.56788222495725 0.130903755303448 0.0706305890261673 0.0259911971995486 -0.55948013419917
F141 I141 0.956700174794935 0.198431677028899 -0.427201780009447 -0.33955611120714 0.350875653386545 0.0793154608980232
F145 I145 1.05681427017746 0.351500325324126 -0.127613358279897 0.640049099565177 0.248888349525231 0.0735451633781678
F146 I146 -0.34249837851551 -0.343604074718707 -0.283893867113909 0.0284870686555994 -0.294142965207047 -0.470919213347435
F147 I147 1.19952121794509 -0.0376064460692121 0.157177374422455 0.343749855033116 0.204291755187045 0.209135218778883
F148 I148 -0.231342607351407 -0.42124836598161 0.276876989194245 -0.421604439059379 0.0710565623997277 0.15157228911051
F149 I149 0.204201129713822 0.359661509536844 0.26215203957464 0.385114008197362 -0.42984567478522 -0.158482488258685
F150 I150 0.848661946694533 0.203134232107501 0.0541421959491651 0.45534177472938 -0.447391424167638 -0.506393867062202
F151 I151 -0.224327694288308 0.630480916228338 -0.272202375167316 1.19937252247165 0.480562381883913 -0.0178780449262514
F152 I152 -0.383238747924892 -0.530556588355445 -0.0539398830599697 -0.232117746170164 -0.701069370890865 -0.753612439546398
F153 I153 -0.433798816809813 0.0753103005603839 0.117676018283412 0.32743659883243 0.390901924624945 -0.324140473232255
F154 I154 0.578068232165652 0.322648584406472 0.0934355896013964 0.164827065935811 0.580137798209864 0.56416066958981
F155 I155 -0.847741538507552 0.364423956037504 -0.0629265745957334 0.351588197887026 -0.0274267962240364 -0.412968607554572
F157 I157 -0.221536964559817 0.225394707251188 0.0272194157106627 -0.263605768816196 -0.183242688465453 -0.214349270855435
F158 I158 -0.548623831785592 0.407549535111676 0.228115049237497 0.162007294008761 0.683731955708709 0.315688855752703
F160 I160 0.273921500738532 0.719983326907272 0.0921490872737795 0.0652613443725857 -0.297965129375602 0.46984115301633
F162 I162 0.078113546387873 0.211087899526627 0.525827830223757 -0.318235300957998 0.0804749836367575 -0.0097526336161983
F163 I163 0.087600374744682 0.540146654368309 -0.149158820181976 0.192664040491432 0.130507106126379 0.713625862178503
F164 I164 -0.394014021203811 -0.0946738698962087 -0.414776341566239 0.00497253338188763 -0.586868016239256 0.154357919003815
F165 I165 -0.76257665555378 0.384262466329402 0.252593635362966 0.490546425772619 -0.487731874426172 0.0615333797612629
F166 I166 -1.42841718825377 -0.0695905648425716 0.0667695984707505 0.566576388144719 -0.212482119675157 -0.00928215601404123
F168 I168 -0.862683585000883 0.117148286794287 -0.532153401697982 -0.071885657261638 -0.00869699094270972 0.143115024304762
F169 I169 -2.01022338024947 -0.0457946238301272 -0.0135625306054295 0.668520216870309 0.163113529198203 -0.480218740248663
F171 I171 -1.85489402588391 0.0824316611689627 -0.302794160724908 0.40069205164364 0.136990089664961 0.272542038161583
F172 I172 -0.355355551270577 0.0697777391053422 -0.41692760951728 -0.407114147359244 0.244476724399674 -0.180756064922414
F173 I173 -1.45621492519557 -0.192032545220773 0.42090560847558 -0.397698979871836 -0.188914535976782 0.430447126422397
F175 I175 0.912251906375041 0.144688857398213 0.205003923133651 -0.874766200303822 0.0330981491286309 -0.189466516932668
F176 I176 0.589026146914762 -0.630821797235024 0.119891725084616 0.0984503949502178 -0.461473393097646 0.239587053997474
F177 I177 -0.579835085428636 0.132024161085092 0.548929782083845 -0.14235463296785 -0.205214289052768 -0.510142684601775
F178 I178 0.11939089087206 0.477575630475935 0.0573478318159489 -0.665108137953433 -0.201889889298248 -0.557561642813745
F181 I181 0.600383964896584 -0.0360361603848408 -0.347373534409909 -0.299755915095438 -0.339940521136991 -0.271585975903036
F182 I182 2.01520016704449 -0.0862862845819667 -0.262140397439892 -0.0291445672487063 -0.307182187420383 0.676644697663437
F184 I184 -0.0368161624535473 0.534429433569255 0.590620879724956 -0.610326827315264 -0.0766472052990889 0.0841511298009643
F185 I185 0.237677315131386 -0.0669958954606149 -0.34299788333125 -0.400400632145817 0.471506822027968 0.340262936259583
F189 I189 0.245820186146114 -0.0226560930100522 0.0588448608745162 0.575715883107305 0.313056060814459 0.822034624884072
F190 I190 -2.17077048528294 -0.203069170393445 -0.0743574232823821 0.913818840102666 0.0671448822885876 0.104866391652064
F191 I191 0.882061352430942 0.0941779542484793 -0.144667395943208 0.147219047116361 0.572909796443033 0.113193553601361
F192 I192 -1.77308519446588 -0.192018562132146 -0.565695996812459 0.18087277704148 -0.000322188621868042 0.323722772165237
F193 I193 -0.39579420687387 0.0934997295950598 0.14150756098119 0.151668898780757 -0.280401265828786 0.518032019608718
F194 I194 1.50457439830607 0.296188705825054 -0.436374248107443 0.075415384513578 -0.0350647527826425 0.0908690124496614
F195 I195 -1.06278032974725 -0.135173126775606 0.534367586152842 0.498236499518234 -0.238577499255347 0.288967124552262
F196 I196 0.235640293684182 -0.341963322990647 -0.259932537010727 -0.556481038806142 0.212836838815349 -0.0135941020051093
F197 I197 -0.54322663188889 0.420329042323029 0.290919779552973 0.0482453141205339 0.260090944056767 -0.0708381577499562
F201 I201 -0.0396481269388631 -0.159972105989266 0.075093253582984 -0.105288532850433 -0.162370464708094 0.358432239184272
F204 I204 -1.28455951145321 -0.0505604650199373 -0.397947326733438 0.258039883240923 0.496480996483427 -0.275097323462941
F205 I205 0.99801284543757 -0.35704121252518 0.0240851639352043 -0.430196380600471 0.0289172580818903 -0.172686971446339
F207 I207 0.53618967683604 -0.135064050619382 0.526032327553004 0.105545913362967 -0.0651669918104753 0.189420702364248
F208 I208 -0.156080451211158 0.344038392968129 0.0382256772116183 0.292428193030831 -0.578284318348192 0.340096464665494
F209 I209 -0.532322755794797 0.31361248403188 0.0614918448250854 0.26788598457046 -0.0448393832481503 0.423996878664279
F210 I210 2.55206853544259 -0.113581140385687 -0.0358520119054325 -0.186454286071399 -0.0351865572237988 0.194861249586657
F211 I211 -0.189880215331235 0.178550542110143 -0.252750322833737 -0.310996369894898 -0.383480583096756 0.170865865268229
F214 I214 0.858473340787442 -0.722924333602898 -0.282675547945555 0.45547429556484 0.105328961640834 0.230062349904675
F216 I216 -0.253646179136161 -0.633341344175264 0.133446807172278 0.357043355425285 0.241775345350206 0.398687590002941
F217 I217 -0.8822823241032 0.245712513627953 -0.209074103953365 0.321891752070774 -0.292791125637131 -0.159008102110346
F218 I218 -0.519284741853439 -0.181410037292556 0.262122669638427 -0.160357186518915 -0.545117213707528 -0.391867038595272
F219 I219 1.93608790605393 -0.196366100744668 0.577646194140514 0.119971966494818 -0.413406075187166 -0.526093278936185
F220 I220 -0.29829532550506 0.146248813789083 -0.272654733733345 0.106286600948413 0.187146330526142 -0.433460264023252
F221 I221 -0.125083497915403 -0.07729746983123 0.297233941718105 -0.327669821269866 -0.331641211603852 0.305946543785241
F222 I222 -0.27464382174809 0.439301724051726 -0.105051650860099 0.559128161395251 0.110211216436507 -0.764780413248262
F223 I223 -0.176426250808398 -0.0727579541448626 -0.0711444964572118 0.2265588078953 0.361928436282421 0.020443917567355
F224 I224 -0.589924365632286 0.167700793449983 -0.419781852021238 0.198927152192772 -0.136282743881576 -0.415354024974927
F225 I225 -0.106982942922713 -0.122602935153378 -0.371074355452639 -0.127361284821953 0.0648976384596782 0.420029275197548
F226 I226 -1.7810075507709 -0.046013309255419 0.0692682431742954 0.128507364304721 0.00762969587796529 -0.203044883154385
F227 I227 1.63522477120019 -1.11579629505389 -0.568249105833696 0.0066903192204335 0.0924196170906207 -0.0617658672959737
F228 I228 0.979023143082437 0.178605271780482 -0.247301358768925 -0.667497865326627 -0.566726773114174 0.104476640639557
F229 I229 0.711313959977749 0.0951311356210601 0.333752001123971 0.0453764639389025 -0.0178581826864851 -0.462500836383084
F230 I230 -0.507621274680104 0.0909019806165123 -0.395401916204812 -0.191733213854736 0.216685073941645 0.390045995006737
F233 I233 1.29222181282846 0.268505155007529 0.217581912589208 0.5500453097507 -0.0202605314848599 0.253891605322211
F235 I235 -0.305709574442792 0.307843321250418 -0.423870693383761 0.450799696018934 0.154905729388286 0.0299427096240059
F236 I236 0.969869554582526 -0.346746567227694 0.0132985130245766 -0.0461877880228982 -0.209056033710849 0.2097547969463
F238 I238 -0.109369604296745 -0.242308298417315 -0.245546236908008 0.910921616534876 0.0347210876059526 -0.467430412187924
F239 I239 0.304038477281102 -0.115818979760046 0.108306441885341 -0.295115364626702 0.166343640447401 -0.435776132040202
F240 I240 -0.115379189180507 -0.333784347066549 -0.0714191986294023 0.321144537515777 0.10436522427896 -0.259476564903559
F241 I241 -0.728747354992043 -0.105675860243467 0.0173780835046504 -0.378718128423093 -0.0573122094022111 0.0473710636489626
F242 I242 0.00230731994347211 -0.0533212851614496 -0.0285326563027429 -0.14856310401295 0.251483333582691 -0.528744471120406
F243 I243 0.282304057101727 -0.25552171945769 -0.470677302579084 0.273697155774035 0.187932358993641 0.0701463751789899
F245 I245 1.2723523277209 -0.238948442365956 0.131557400889402 -0.00148947452775762 -0.315553639223052 0.0139046772502331
F249 I249 0.41437621474144 -0.0281005409524128 -0.512818329520514 -0.0698027501938786 -0.296364795071497 0.142915391649264
F251 I251 0.0716235592910374 -0.0611621507042289 -0.0602406931218206 0.107307926788246 -0.200513691119349 -0.0239895959319042
F252 I252 -0.404123594152378 -0.101664475267367 0.280443770538247 0.238745746768781 0.0699408525407512 0.0664546595949095
F253 I253 -1.15594121394801 -0.267448140938541 0.263273248232077 -0.145453472805703 -0.0714214902680303 0.392641475149943
F254 I254 0.0158816676233082 0.276172776851989 0.0722616624238082 0.243786965668157 -0.0265101184119998 0.352442088280586
F255 I255 -1.24347970096607 0.135757963153042 0.18841703114794 -0.268213492136692 -0.0632325567822667 -0.0887306650002299
F256 I256 -0.843754346791841 0.75942284553617 0.38328294568059 -0.0755451311539967 -0.052611747357868 0.0351376388254394
F259 I259 0.262220592771325 0.286419144722038 -0.0337499811245577 -0.208434806195643 0.258820837583144 -0.0460838991248204
F262 I262 -1.67199024484186 0.00401217262678638 0.0675946589747586 0.562258911234193 -0.251545894606507 0.309595222701543
F263 I263 -0.839421927561428 0.0375407089813641 -0.311514789508739 -0.353449807027704 -0.522341977864419 -0.0384980935350727
F266 I266 0.905494906613058 0.340665217453042 -0.324791650257505 0.163255942396773 0.0789127124145849 -0.571641033218301
F267 I267 1.92681040476233 -0.306786878419504 0.0390710624493786 0.483270970546111 -0.417026022549751 -0.567270111128649
F268 I268 -0.684076545304408 -0.33622721037305 0.219809073367089 -0.171683325187201 0.747966173429449 0.414239770222129
F269 I269 0.843753656875686 -0.193663455888619 -0.422754442295659 -0.0400400877935936 -0.495071229183424 -0.37900191822771
F270 I270 -0.476685543642539 -0.0350246836352551 0.0701649918992023 0.0441087039773977 0.10256444787872 0.212599816562922
F271 I271 0.603009718632037 -0.049498601003169 0.140904187789401 0.178039181841999 0.0319488200523959 -0.596781451330774
F272 I272 2.07054250376921 0.211787364326097 0.225357633908219 0.0994848558404731 -0.306479978332319 -0.0299737001507912
F273 I273 -0.711692149864803 0.259234359127604 0.0845427570617455 -0.233995146483704 -0.0605499842082449 -0.0556691163031429
F274 I274 0.122898136702147 0.402520371888284 0.450857505516018 -0.145815196468391 -0.213096665516068 0.0227195514733487
F275 I275 -0.792488271938763 -0.258227553914417 -0.189052632620206 0.261869763643215 -0.10152110136273 0.0247407171272862
F276 I276 1.62522318518907 0.108497109123972 0.433572261727834 -0.3227680928936 0.189276222264437 0.320953799148152
F277 I277 -0.358626074294735 -0.1904378565987 -0.239710846312816 -0.119611902210559 0.321541639072293 0.143273428883801
F278 I278 -1.45919875672422 -0.114515513483753 0.1217964051893 0.0861185904967858 0.0575828135152724 -0.0378371197483387
F279 I279 -0.263455400687404 0.0800700125377613 -0.0165894796527116 -0.320814803151755 0.47437364505412 -0.567393409366328
F280 I280 1.49227402367219 0.274132713322197 0.0326905084218069 0.32603536658295 -0.0169999923802953 -0.165629318988319
F281 I281 0.788013349557197 0.626794657419329 -0.142791640324568 0.131572467694259 0.000278166762530112 0.40666806914268
F282 I282 1.70512735080195 0.199398901434631 0.234523011314672 -0.238507240762648 0.554964516009152 0.309870202078721
F283 I283 -0.483510200350481 -0.0569503252012002 0.159803004732723 0.797940535738956 0.490254964219129 -0.147439390467779
F285 I285 -0.146002373967037 0.462944826385395 0.441143600769026 0.00744385513374109 -0.0582520266686302 -0.228240517672368
F286 I286 -2.29759841893674 -0.528438691072038 -0.224110825988873 -0.249300207420214 0.0689361620850247 -0.128618053994648
F287 I287 0.114395086599144 0.289142164335659 0.445657921416098 0.147312494346608 -0.0537748183882063 0.65451617182642
F288 I288 1.13869567627045 -0.43266844405196 0.135229332590094 0.24233856617396 -0.30377331540859 -0.25057992827579
F289 I289 1.12511624423456 -0.515422237189241 -0.103133912115649 -0.1590086241556 -0.274201905469174 -0.281299264848916
F290 I290 1.04646909913902 -0.384659778882057 0.0896994579603296 -0.350912070482218 0.367152310214519 -0.263271239498593
F291 I291 -1.78155338840761 0.177035020285926 0.462984663220511 0.0869785091256018 0.713563023700547 0.253546824888159
F292 I292 -1.06177255183205 -0.205278122091457 -0.164503902324222 -0.174818481504001 -0.172797715120826 0.119916120165857
F293 I293 0.139950859455644 -0.288851987908268 0.39306931907206 -0.225322590744394 -0.62024665274496 0.458704476364318
F296 I296 1.13430963632094 0.231621037175431 -0.30004015735704 0.145412628673819 0.241067831874574 -0.00426913428562764
F297 I297 -1.04612157671186 -0.711102066396057 -0.45189834816789 0.290235315123124 -0.429793195500266 0.184983610621157
F298 I298 -0.485972734584218 0.131551138211619 -0.150355212436673 -0.38482729186481 0.177059738575836 -0.335549460583899
F299 I299 1.26813616609551 0.0154326157786554 -0.0584558899099908 -0.426279565215655 -0.42166180387299 0.499439710420103
F300 I300 0.0944751108066761 0.438063674024474 -0.0317574061761583 -0.12773159871621 -0.123232391993244 0.00119051926965421
F301 I301 0.611995183520297 -0.217077171904498 0.136604556126876 0.205058882943525 0.194178102515543 -0.272820847048881
F304 I304 1.16179286287924 0.0670644323039316 -0.400490544328791 -0.306468581329801 0.340785166266068 0.0851396820555532
F306 I306 0.0639441699016451 -0.156727634733394 -0.20162028948334 -0.5406251004775 0.51836740823154 -0.31198695120899
F307 I307 0.691677110807287 -0.282527923550155 0.0700064011520313 -0.148334039367685 0.422443799512386 0.335204219542762
F308 I308 -1.58826888618198 -0.189736121500887 0.215393822150058 -0.323379878122433 -0.360229872089124 -0.325689413036882
F310 I310 0.166046568710872 0.0807701981723147 0.151346491254767 -0.124697967779916 0.378798818863711 -0.1399586130663
F311 I311 -0.794605435234343 0.0902350018180578 -0.259780871186659 -0.403934450345693 0.576059214562795 0.248425850888174
F312 I312 -0.673165944155993 0.1874687500501 -0.307509109156004 -0.023914803355667 -0.0329005493604811 -0.243152480430303
F313 I313 0.555847561293591 -0.0563375679974131 0.327891881008483 0.373000435400879 -0.0570191820913079 0.414985097830141
F315 I315 -0.955639310825392 -0.341013580757744 0.295812238447656 0.236141002158845 0.54650090355742 0.285457055760606
F316 I316 0.143407259349986 0.374690487611201 -0.105275494537557 0.364928719006984 0.015977485984714 0.420978145317106
F317 I317 1.20670516896616 -0.110674147105989 0.0780163242001368 0.333382966035652 -0.101741213082457 0.470687075851416
F318 I318 -1.11678574738751 -0.759922393848761 -0.328115314232232 0.239940686033946 0.0523021688093053 -0.102430339534497
F320 I320 0.307096044171272 0.109960544302493 0.101359091624645 0.00850368927747515 -0.132061912646508 -0.0881662533955379
F321 I321 1.20014762166313 0.133116454178653 -0.0955801877903101 0.708308100102486 -0.234492472374381 -0.0247912408624109
F322 I322 -0.438367838130847 0.378203567425208 0.758942109669581 0.504107329614487 -0.542424875365073 0.233448810107669
F323 I323 -0.382563277372243 -0.536496390878199 0.0307706108210385 -0.254466036394424 0.659734260190634 -0.313495992494661
F324 I324 0.104678098701205 -0.263339108030905 -0.0215480582678053 -0.113884205010839 -0.0662338235710541 0.143527391560002
F325 I325 -0.738987916427621 -0.874189969206038 0.0199886921149549 -0.106571819908184 -0.194933196890594 -0.376740219916319
F326 I326 -0.594805351412661 -0.0765715448908687 -0.156340519698605 0.217822215157328 -0.207039175348324 0.949493716782768
F327 I327 0.0717480048122031 -0.437112370527428 -0.505381289921455 0.253742099852542 -0.0648725035281717 1.00627512070254
F328 I328 0.43771118642423 -0.328712647475168 -0.115415506194948 0.461462256949584 0.106279273142423 -0.236644299593177
F329 I329 1.41123178281157 0.485620158728047 0.394033322599684 -0.477525667090301 -0.0435713256608883 -0.289728647391222
F330 I330 -1.36056009742762 0.637548281120112 0.208297686352316 0.1112193391755 0.12318331052742 0.601958051989503
F331 I331 -1.6346249662249 0.0506982731957878 0.0859380128034367 -0.14092764096856 0.00989213181168828 -0.270001200521645
F332 I332 0.618590808778653 -0.149414453740447 -0.133985703862329 -0.329231259578865 0.209540180764673 0.176248004760955
F333 I333 0.831342689383351 0.184221840355846 -0.0655651541916688 -0.223272459274526 0.261210590438261 -0.367361836096693
F334 I334 0.290783011536933 -0.0199803345598786 -0.0238554407350527 0.328503232280333 0.111304768724412 -0.252875574938276
F337 I337 -2.13875037234452 0.354278156181277 -0.410457789918767 0.07535755789879 -0.242671060099098 0.147847445539906
F338 I338 0.979119645908174 -0.244790890386288 0.306544802615187 0.080096808263374 0.38765762170574 0.21966613520994
F340 I340 -0.114123036658461 -0.200674579835015 -0.133888645196083 -0.290779573911854 0.633068186656399 -0.502758420750962
F341 I341 0.84252217209959 -0.205209799136877 -0.359392600477959 0.545660942784556 0.712905654459233 0.418544874525198
F342 I342 0.961205730170923 0.108964737909507 0.27437999166854 -0.0341813181696072 0.00132958389041926 0.298439318530224
F343 I343 -0.695697615782056 0.272693694526655 -0.107488351436316 -0.674659049919676 -0.0586058023606838 -0.380306656718409
F344 I344 1.71445928459975 0.332959418772916 -0.464708382633925 0.382037135062071 -0.0791731497395009 0.0804065981159784
F345 I345 -0.668330641475331 0.0472973505456412 -0.099323467380535 0.00975017745773546 -0.383232571015875 -0.0726304773957125
F346 I346 -1.14939697160251 -0.313086907663103 0.445929207824094 -0.0543194184482298 0.207006263977748 0.163131686828082
F347 I347 1.36165948005439 -0.925396779743301 0.146506653381199 0.543925760956861 -0.155398896460991 -0.205324974001483
F348 I348 -0.340213991322093 -0.0574329313366097 -0.131323690218992 -0.250740967499257 0.109574658578001 -0.553053660120121
F350 I350 -1.27153132447057 -0.25780428079588 -0.15263146087599 -0.038266229625823 -0.197250570249185 -0.422831983103294
F351 I351 -0.807042588624971 -0.374143550381461 0.112623330009829 -0.192325671002245 -0.0212522881597167 0.164889253751571
F352 I352 -0.319247258710655 -0.175701412965891 -0.174132021956498 -0.0798454388298693 0.264235101387087 -0.0476868287144896
F353 I353 0.704044435988187 0.382680529647738 0.00840914978837851 0.927803220187078 -0.354550595083926 0.217075733751586
F354 I354 -0.415332780340798 0.447640438480245 0.346353981412091 0.312392196240066 0.0306269960187539 -0.0642245370428133
F356 I356 -1.36809922387052 -0.607224099121968 -0.384938163409082 -0.30093670889497 0.469689668377963 -0.171560310432061
F357 I357 0.731572779019531 -0.0868052234800962 -0.372992014307282 -0.094160797930551 0.139360976054878 -0.0221373151908388
F358 I358 0.938327326722037 -0.766836564048624 -0.52214592882702 0.146478805377926 -0.619625719200077 -0.345495842254624
F359 I359 0.108547090000503 0.244124847867255 -0.0722702966414936 0.278260781922108 0.240674417965745 0.476640011628257
F360 I360 0.358057562138466 0.0665778038241185 0.211990860624243 -0.16827919951856 0.587104567569068 -0.356889674377521
F361 I361 -1.06996678788063 0.405274421457479 -0.231746092655952 0.060134327319795 0.866655088004218 -0.252266625458218
F363 I363 -1.3777173765492 -0.614485491619844 0.1267894492405 0.156480458409036 -0.194103215555226 -0.403639839140199
F364 I364 0.40959435093312 -0.296143520360874 -0.168663408542439 0.0618332986611034 -0.506530461505336 0.0177147763795921
F365 I365 -1.23503548279087 0.148757815449046 -0.147375090591001 -0.359405368060895 -0.104869620858561 -0.185445913920655
F366 I366 -1.44755829956932 0.520866732486322 -0.289403721258871 -0.226786297404587 0.331469386474425 0.130662941658353
F368 I368 -0.3265993753 -0.00096511782960352 0.00932237491254294 0.230006634235957 0.198563044597649 -0.178755375663598
F369 I369 0.136261122833042 -0.00750099884299479 0.326239436246122 -0.0933588227681627 0.1858409849579 -0.404555641129645
F370 I370 -0.0287046154104789 -0.0443888366944323 0.00339348305079011 0.464092910680857 -0.0243457549601131 -0.121510058596444
F371 I371 0.302786529341131 -0.661466126781851 0.163004665715408 0.214536856999251 -0.0924471807836387 -0.338175442848718
F372 I372 0.264529495778922 -0.168888824806816 0.456322219469512 0.0543957888087517 0.0138633585368195 -0.181460615736408
F373 I373 0.473810791333758 0.2981059158608 -0.374850343994847 0.158715559479775 -0.156450881805659 0.377701803209651
F374 I374 0.208589424362592 -0.0993906526950853 -0.194246833168664 -0.0859482910235062 0.368860447559134 0.227823680245069
F375 I375 -1.2762581958704 0.202640137518187 0.0389186015398 -0.326458054951904 -0.302275321512679 0.0801134168557884
F376 I376 0.167350646504916 0.0376213657547505 -0.0453898184974141 0.531960014432769 -0.34937000771478 -0.0762186704330346
F377 I377 -0.503335505613876 0.16586319198547 0.0323585817204091 0.215048986738467 -0.546996525205566 -0.0367814000936616
F378 I378 1.15075522495485 -0.113702352026545 -0.466191358553965 -0.291498443327675 0.443341863459192 -0.204199164862536
F379 I379 -0.153409985962355 0.278522440278119 -0.4027395277794 -0.72459879054999 -0.0802783846534013 0.105911533495772
F380 I380 -0.7452381600709 0.489629725812309 0.513692212406932 0.221257266460531 -0.313786515499022 -0.115824371040379
F381 I381 -0.486011281930535 -0.53068164644428 0.252800229520693 -0.352197205276079 0.481892418416028 -0.273358308041027
F382 I382 -0.738010012230296 -0.263179370998955 -0.435633049318424 0.278701182963265 0.622769349198923 0.077769716755814
F383 I383 -1.33287361678056 0.137138785415049 -0.127039649569163 -0.440671661802758 -0.346958422644837 -0.405003493061879
F384 I384 1.73709871008602 0.454380856847186 -0.15323958298681 0.422590955664717 -0.335346775194109 0.0308005064059138
F385 I385 0.434093555264576 -0.0147022608088675 -0.105812116486581 -0.774839618055061 0.193951298402044 0.295997736684343
F386 I386 0.680658328955746 -0.220542044710552 0.24579031036099 0.100314444574283 0.0888784378019169 0.620508688023186
F387 I387 0.598928167900083 0.406082157411065 0.13970891750405 0.607078523013536 -0.212276528986514 -0.211347018922311
F388 I388 -2.18780333125548 0.242678709903944 0.356977451656525 -4.34859883440642e-05 0.688193552788008 -0.0296412449198984
F389 I389 -1.49862543787364 -0.392580296177621 0.452192626444481 -0.13989291189101 -0.0542395127668736 -0.201733755509693
F390 I390 0.416106265957871 -0.313480430004729 0.213073193564246 0.190797100359483 0.439367738204481 -0.0065280677326963
F391 I391 0.738397866494986 0.171779526355078 -0.0812898149914329 0.319422613217749 -0.0526915499168179 0.0373917229992705
F392 I392 0.903205836380618 0.314352286132284 0.525744826264789 -0.562523806164582 0.065309943894862 -0.13224563590758
F393 I393 1.49232262922339 0.0636766992027961 0.118146648825188 -0.612441253039156 -0.0882609646553301 -0.204872444306838
F394 I394 -1.50266888154837 -0.311026512039787 -0.051913688457671 -0.309987419799666 -0.151938015588905 0.0857491289098752
F395 I395 -0.229853862456879 -0.323014529045921 -0.512247239228661 -0.14257649924235 0.145839873891084 -0.54281404514406
F396 I396 -2.0539825531986 -0.441293848445389 0.0543473589499034 0.113144388710652 0.303139949858924 -0.339183412778774
F398 I398 -0.207698569936183 -0.294652650449615 -0.0903887789107274 0.091997838172097 -0.1882453661043 0.249375714765706
F399 I399 -0.344678707218129 -0.0876606638547818 0.183380694394154 0.325769498743595 -0.0611022288956982 0.203133426662584
F400 I400 -1.08173545841061 0.0140271401856487 -0.466104151406151 -0.183548313019078 0.435815838313122 0.073183692776187
F402 I402 1.86835800086304 0.0941972611421443 -0.353098952969195 0.268610505283289 0.699298173661599 0.282982704641058
F404 I404 -1.80000841274764 0.464115786408419 0.39105443730528 0.40213845233085 -0.265353883929155 0.607816350246128
F405 I405 -0.0512162353671183 0.0131663317155834 -0.346118368815845 -0.0362163259577343 -0.0727125523895284 0.299998541417523
F406 I406 0.386149275330907 0.0633230028163701 -0.155049726772118 0.309661985891928 0.212466765807205 0.13299425964708
F407 I407 -0.677520331448289 -0.590532082713871 -0.245192549972722 0.326326483736298 0.327940935320701 0.0994897271947887
F408 I408 -0.276391498675854 0.15052260261593 -0.103179889044789 0.0688189895785067 -0.864882414757329 0.362321921456395
F410 I410 -0.471973779833767 0.284117002251 0.461959217335946 -0.0667530931637007 -0.749910446439579 0.294793802616607
F411 I411 -1.13028768519263 -0.646105365781314 0.153308636792902 -0.0498675925659472 -0.220235763609795 0.340076256324576
F412 I412 -0.176123881580967 0.458258122872533 -0.186727496708819 -0.194786040951071 -0.0308927100536124 0.0585182005990412
F413 I413 1.4652381335399 0.944377641015255 0.400940401059368 -0.112772892373341 -0.769881386649141 -0.296843072409116
F414 I414 -1.21019966338625 -0.46508527786284 -0.296376612472972 0.0572388908055377 0.12046310496701 0.167068529212779
F418 I418 -1.8493346794894 0.437722584718358 -0.0552900445177424 -0.0621153460674707 -0.235480760474134 0.227759786028288
F420 I420 0.834179409213954 0.157178061273863 0.211248878109891 0.0314536783216036 0.455285617953774 -0.0608100508987802
F421 I421 -0.335178244413971 -0.164130439790221 -0.0197060731152311 0.449889129225842 0.135758045894848 -0.334244871331962
F423 I423 -0.47686250303249 -0.0448370988122778 -0.497385815932621 -0.374659640330906 -0.565368898770983 0.0273266070640281
F424 I424 0.572727805231749 0.340017085716296 0.0940855461652668 0.270750603572986 0.0247047848711863 -0.0490214184413335
F425 I425 -1.33976714332425 0.355758268725268 0.351083651225815 0.631773803650795 -0.471078624518981 -0.12241097590324
F426 I426 1.75903522921435 -0.552494946120899 0.153328952658871 -0.0207469678690488 -0.502789552230882 0.170944365569115
F427 I427 -0.388592248360506 0.0183953652940232 0.257523390332767 0.630354206798778 0.0917074185332426 -0.504909779048351
F428 I428 -0.198512204429087 0.00225773574141645 0.172553341235983 -0.154544146725046 -0.0945951411691586 -0.154204059223396
F429 I429 0.522900900904747 0.0420944746791372 0.273540036911577 0.179477896037279 0.28313970148231 -0.656496011596535
F430 I430 -0.895802670833003 0.136296617374152 -0.0838164271427694 -0.144470973777855 -0.207361296047943 0.0216611519809895
F431 I431 0.978808299291118 -0.268247064884486 -0.11187098156805 -0.502962260489971 -0.142734129500596 0.361488300874645
F432 I432 -0.254863079012381 0.211135470742742 -0.603342566806941 -0.129443116787071 0.110969566046627 0.283445067738554
F433 I433 -0.149050673198111 -0.176695253658635 0.229771995102628 0.0661619787927629 -0.234818577666711 0.539768127025909
F434 I434 -1.23889913854176 0.287351304748883 0.0327062078255048 -0.40478193315224 0.641289846301576 -0.135682367803324
F435 I435 -0.595002284852968 0.214372548560786 0.101570119893488 0.246194773452295 0.120146786293983 0.240155993182345
F436 I436 0.311734809704614 0.33235679105507 0.320509473407193 -0.385314081545694 0.253838256558225 0.350915313417931
F437 I437 2.85978157142484 0.0801081703695509 -0.54821891562275 -0.0938819474587418 0.33585603956781 0.410596218110329
F438 I438 1.65281600663923 0.171070280989011 -0.391684954610415 0.186077861715124 0.178363940843705 -0.625110819135001
F439 I439 -0.846881175404972 -0.543265145102056 0.19514444893104 -0.667273573774585 0.0999350543228765 -0.127994226525145
F440 I440 -0.442023270154326 -0.137719926189273 -0.0774821651177235 -0.44337396488896 -0.276392653136593 0.226886756906074
F441 I441 -1.37595593780838 0.0405670336174472 0.0330779956364781 -0.325133362373478 0.019701608417581 0.36399010418666
F443 I443 0.498314310700225 0.313908088151414 0.252044563750472 0.0552742747836425 0.096701777672527 -0.247528841856254
F444 I444 -0.72927577657409 -0.570929903400506 -0.228312428007374 -0.104631978285675 0.208981088087876 0.387904504496699
F446 I446 -1.01455535044632 -0.0846275843061822 0.128161015619685 -0.327351144541987 0.19117529134931 0.588967744994786
F447 I447 0.961167732749907 -0.668629996331277 0.0190992470551209 -0.168916500482138 0.60651976049936 -0.35016382549549
F448 I448 -1.3909572208495 0.26723533467747 0.204050439729836 0.402785998862167 -0.341783900995438 -0.0520626091991026
F449 I449 -0.24598019406188 0.262908987371197 0.543876911549942 -0.19066690075432 -0.783741201333887 0.257498852163143
F450 I450 0.201078720445937 -0.301168054028874 -0.244563523313521 0.452959842465282 0.0647956712783703 -0.0379693456802687
F451 I451 0.185150344976281 0.172693286071425 -0.277386617929412 0.515965554058519 -0.102556798472359 -0.0858165321847521
F452 I452 0.368443615797701 0.157702488838221 0.239450283294832 0.0503900917792002 0.654190590496974 0.162156457782893
F453 I453 0.144844905866789 -0.226174274535344 -0.410209027632307 0.191864053318056 0.157720570914029 0.432223162854791
F454 I454 -1.0729486298678 -0.420313987486597 -0.210117614478137 0.770659658572392 -0.426441436982631 -0.00629708973229314
F455 I455 0.754615451869187 0.632585268090203 -0.317262022155069 0.613373288398092 -0.163496340038811 0.090193816475879
F457 I457 -0.680633648470716 0.827584563257331 -0.365749217504588 -0.00589053201046382 0.386155516426374 0.0103449430226761
F458 I458 1.24331741946006 0.192065982263297 0.448875312806182 0.724128397549863 -0.102865167573496 0.43442682651384
F459 I459 -1.18383483619421 0.0880546489508343 0.301844738404773 0.302874228518648 0.274657335987312 0.580521023339228
F460 I460 -0.879404759886718 0.0115002731713745 -0.232729001079348 -0.47433292237891 0.0302775865171254 -0.100018098542122
F461 I461 -0.362083030721861 0.521897797800861 0.36117968141307 -0.261645030814003 0.209972324343786 0.219930623071237
F462 I462 -1.19010002886742 -0.381530536675307 0.306722993587252 0.275678726336437 0.0816821929790948 0.440326891742346
F463 I463 -0.0860201180788736 0.194670492865635 -0.214015853113801 0.197482223219202 -0.00422867007690374 -6.48560486920847e-05
F464 I464 0.0417785046300803 -0.305960689398201 0.101352775019493 0.145102009924954 -0.290265665440558 -0.261627203653349
F465 I465 0.894556974811315 0.208362758284638 0.0224202357864638 -0.0682969744058587 0.293603794129837 -0.51070708982068
F466 I466 0.0382129493364466 0.182081151672481 -0.324002349300394 0.342385666525523 0.720758626973495 0.528068346900274
F467 I467 -0.804609021013608 -0.0289970475569549 0.0422689512254639 -0.215785625139514 -0.428465084836026 0.381038797166762
F468 I468 0.294318490989522 -0.0743526924992724 -0.0131696365221998 -0.154040025334572 0.184354912621303 0.0188241480754039
F469 I469 -1.13905237341905 -0.217228136712549 0.486399106319307 -0.38415502957833 0.358182485470608 0.0740772820719197
F470 I470 -0.142943791706888 0.27663277661162 -0.203121820306819 0.324439947446892 -0.049837758592119 0.07110384930788
F471 I471 0.732324639298309 -0.345487477478199 -0.141588768381449 0.49776768823503 -0.102654612095342 -0.119437866373877
F472 I472 -0.321942241623332 -0.334087720231322 0.612692415349749 0.251861217983479 -0.154384973422028 -0.287535123354454
F473 I473 0.802204637040252 0.113612774318447 0.00939298948273123 0.100410820195915 0.123499668202848 0.391854295038864
F474 I474 0.442546255480565 0.192678596793783 0.191339609176805 -0.103522710108133 0.14027454503045 -0.0793283308189302
F475 I475 1.08896981034853 0.0923014960273684 -0.414662744531616 0.19294435149262 0.0483477886570231 -0.309735196988612
F477 I477 -1.44561362701278 -0.139703181035641 0.529780370359671 0.224693206214791 -0.558152120512211 -0.48026523619294
F478 I478 -0.599632982917802 -0.448534783720118 -0.139383813146831 -0.0784570141843341 0.168596097354513 0.186903240601267
F479 I479 -1.32607612428987 0.0711710577361261 0.02762072627315 -0.0446513606145226 0.279322770807652 -0.0876005904711898
F480 I480 1.09732612250707 -0.158298285969117 0.2415845072284 -0.428040776629051 0.128165568175666 0.26689581491752
F481 I481 -0.634934411947491 0.268887719497594 0.257993028167938 -0.0884781730845937 -0.118262306210755 0.505882307802821
F482 I482 0.372720498163205 0.217051708494011 -0.196752712395611 0.000439734634490296 -0.0645970570550711 0.0106250817291696
F484 I484 0.68391843031739 -0.0225263777416261 -0.0671906662933091 -0.616930017178376 0.256143281249886 0.1410075749818
F485 I485 -0.141886984701641 0.128294866306465 0.404968840481689 -0.130931390914067 0.259617191814267 0.199765600277268
F486 I486 0.272740490919725 0.143293703095293 0.296676343523811 0.481104620219041 0.0856566666241876 -0.240132034745207
F487 I487 -1.86347048235294 0.418042682130169 -0.131162409132993 0.225862638387485 -0.216994328449627 -0.715105393349951
F488 I488 0.281997601135661 -0.122035434650968 -0.122976834507835 -0.231396276022452 0.0866562890802348 0.537080361552558
F490 I490 -1.15762058470587 -0.426014104765086 0.24396113904279 -0.358297412702751 0.159529589472953 -0.00455875409315622
F492 I492 -0.0986033337236866 -0.326617314436186 0.0397152085622648 0.266560852668762 -0.157883922220179 -0.0539834967959475
F493 I493 -0.909299575552756 0.432370719071812 0.188680897373614 -0.199366118057541 0.223005451274648 -0.0689285233943946
F494 I494 -1.25309779383627 -0.074559692309121 -0.209638515465874 -0.236462549807708 -0.147719209228567 -0.191296060136841
F495 I495 -0.334917695790107 0.00930891167221601 0.385840830969149 -0.0410727335524853 0.048359648667334 -0.0136173126895744
F496 I496 -0.094121578411567 0.561979669705987 -0.17239444369866 0.0232518381912228 -0.316685647014271 0.111112120622738
F497 I497 0.0409024866934981 0.755686819331454 -0.185494141234246 0.16378952818752 -0.240659493883987 -0.0456291989715076
F498 I498 -0.667240405540068 -0.279220597766978 -0.236759037052587 -0.0269758314067459 0.258159673837335 0.104807865861721
F499 I499 0.610037600889889 0.788795499372731 0.41261220846982 -0.360501694820708 0.359192319023238 0.282461438165385
F500 I500 -0.546709343652673 -0.258494016797558 -0.0273404947951696 -0.057957846806883 -0.0973194122324972 -0.857018008202484
F501 I501 0.869302885348417 -0.357519249652727 -0.534771703690816 -0.482646437945173 0.266134259587693 0.217616602307926
F503 I503 0.608878113383276 0.209631711622995 0.180180294313728 -0.121328610214137 -0.394591659495092 -0.0944222736503115
F504 I504 -1.0880136394551 0.289966089148748 -0.302620471103708 -0.0705843860782771 -0.0665765699090884 -0.475525895726524
F505 I505 1.26808165608373 -0.328177573014521 0.351104168891749 -0.383924791085657 -0.154422479752907 -0.315666195547281
F506 I506 0.224558090773427 0.357315046765838 -0.601230972544173 -0.259164934580429 -0.283226908816277 -0.20391554077007
F507 I507 1.24415694395397 0.382479480140023 0.0583574805222906 -0.0135126070307697 -0.188489269316632 0.248432466429979
F508 I508 -0.467645710800851 -0.0396789823398013 -0.0288699944585199 -0.300445972597028 -0.16950681224726 0.38497627533239
F509 I509 -0.335432262158056 -0.00549123441352193 0.411024647545142 -0.20777037289829 0.295294305122686 0.066979358965766
F510 I510 -0.242293254261427 -0.0840320217107899 0.0785036307466077 0.550667263419916 0.105666156446911 -0.325078792408662
F511 I511 -1.49075603168933 -0.232406573830753 0.241611925764404 0.295762532435319 -0.185913392185689 0.816648630143385
F512 I512 -1.26385979616293 0.187502752802006 -0.254991328432246 0.253136859017999 0.0516600580831905 -0.201363685980869
F513 I513 1.07531055170153 0.202561572534261 -0.0794429263753521 -0.33880138346774 0.0638077230522113 -0.461497566444726
F514 I514 -0.199198017176765 0.446351633790562 -0.0375023331868372 0.124125648170859 -0.120318823456475 0.125409600452181
F516 I516 -1.76223271617949 -0.120443292730479 0.375811180873619 0.1427536200887 0.586005934855144 0.0208214038488779
F517 I517 0.386911099799631 0.34403277339547 -0.256551370024303 -0.0406420905909325 -0.412217731813008 -0.26004654995829
F519 I519 0.416835124407432 -0.163079304185243 0.119579056076518 -0.079613450557589 -0.432353531883007 0.13974884735619
F520 I520 0.764461550309321 0.280569758571441 0.138788739442179 0.314842630027429 0.172399003071126 -0.0649461471961331
F523 I523 -2.51568805180696 -0.56238953866138 -0.436598083322861 -0.364380611220923 -0.0595027463547872 -0.138506098551807
F524 I524 1.06576544977676 -0.0848442897229487 0.248492286265846 0.391253808457542 -0.045943423390383 0.0173832910994138
F525 I525 0.226637308177361 0.60166499664458 0.12314419780173 0.0368642460478065 0.677673094329206 0.441664564143986
F526 I526 -1.24527441947704 -0.480434180817872 -0.498236506669345 0.0911910989552203 0.668425892708742 0.110087732470821
F527 I527 0.701305039286261 0.261807567222473 0.418035372071637 0.317332115662328 0.026037040990039 0.194663533357214
F529 I529 -0.687281183134236 -0.0190195196658501 0.0683860024304873 0.0452291104005106 -0.0788404515042011 -0.0181076134637585
F530 I530 0.159154365888829 -0.00699971426327463 0.134343518659334 -0.0510086949798373 -0.00885692341857817 -0.0629020205837312
F531 I531 -0.888107220046088 -0.128885428202545 0.14983120883074 -0.440834168484863 -0.0568318888469471 0.113782958444811
F532 I532 0.196200142145731 0.0866702655859795 0.026192839246628 -0.381823359212828 -0.618353317271126 -0.17275225029684
F533 I533 0.429370852149895 -0.395761923341097 0.866391067092115 0.577108096498045 0.064822672143659 0.0349068222242888
F535 I535 0.055136501844991 -0.575976078292154 0.0718445102857983 0.191276862280628 0.260396298003468 -0.0801192343659107
F536 I536 0.861309849539917 0.0503500832047768 0.32603386431285 -0.102014206550756 0.125193007451356 -0.307934185113747
F537 I537 -0.215743524217738 0.7290139615372 0.243620245061972 0.502404887529205 0.0232717870815128 -0.156708178995251
F539 I539 0.994218903635582 0.334683258160054 -0.144127567396646 0.364810768013614 -0.195692244079923 -0.10470716280174
F540 I540 -0.094699057670706 0.218256305161792 -1.11804731074036 -0.425560976228221 -0.145002396572163 0.577501013868341
F542 I542 -1.15666383801775 0.06586219422581 -0.440847913809916 -0.239810367055419 0.100457626516536 -0.145888053342949
F543 I543 -0.801275540370811 0.174737036991242 -0.0460822519327882 0.646911077835227 -0.273365057476239 -0.4201075886619
F544 I544 -0.0341008366345392 0.0328972455217362 0.0254794639599858 -0.272442784860178 -0.174522995519122 0.141001819861611
F545 I545 0.0646486348113982 -0.90690203684158 0.627704421999636 -0.115939107281502 -0.296235498406105 0.176292488220958
F547 I547 0.278727399993136 -0.500995371885724 0.129874590756846 0.343235304776138 -0.606169379933917 0.724505347917226
F548 I548 -0.603279377471937 0.0917222633582809 0.67771893264074 -0.0215593161333877 -0.0368080713991972 -0.378427105954828
F549 I549 0.526200232448565 0.00105070695675229 -0.268900966493428 -0.174578287055789 -0.54332019133749 0.453758840193629
F550 I550 -0.828244072664876 -0.200811984109941 0.136091454138889 0.337212815610121 -0.713557253987681 0.108618627486244
F553 I553 -1.81959583282658 0.199123364007408 0.127241187805037 0.276214143117198 -0.482874891083709 0.52578483927845
F554 I554 -1.49232290458375 0.203132497276329 -0.172299997022396 -0.0604540229121215 0.492963217710909 -0.035429285718664
F555 I555 0.863017464857426 0.429247513356783 0.709519587075681 0.142979794498819 0.0134312847280097 -0.121074863662269
F557 I557 -1.65252811285018 -0.586964523574535 -0.365722886851533 -0.0104966106910611 0.129066237987009 -0.436061124560652
F558 I558 0.215302693756527 0.520166065043124 0.0920202469089262 -0.141794501512416 0.0479277795033195 -0.000182826892475517
F560 I560 -0.0112821038557003 -0.0455525500713393 0.0322250571035428 0.785571695813342 -0.347658247285035 -0.703888607876161
F561 I561 0.51707265067104 -0.549628942602114 -0.251768566594619 -0.135270509810168 -0.157965301740836 0.0726966453787079
F562 I562 -0.175881942260529 -0.151414519173232 0.275004201902775 0.234998610970433 0.409098135174738 -0.0773482918617127
F564 I564 0.63010084630514 0.431735798922857 0.306188696472128 -0.125628539390629 -0.13594543628643 0.202052471069591
F565 I565 0.892080697416557 0.133972475407981 -0.408307802455999 0.160094940586931 0.0292320290597174 -0.887045571656632
F566 I566 -0.196341927760539 -0.112865327293759 0.337941467307166 0.421612057637947 0.172041411350567 -0.0180493434360365
F567 I567 -0.722629033026769 -0.0574652557421186 0.203566178134797 0.369728047764932 -0.0101136452383306 -0.0958701331710382
F568 I568 -1.11755257375515 -0.237342515696015 -0.146768714170337 -0.340579279620372 -0.391018234421695 -0.0554349904891728
F569 I569 0.644606290477807 -0.00724724491127444 -0.647501793621679 0.0474293665887793 0.109899878211371 0.296344574502975
F570 I570 -1.38534364586034 -0.365720485618189 -0.181165388243028 0.0471137564292317 -0.277323924219145 0.105120378012419
F572 I572 0.252218255392692 0.073629068447732 -0.122732276757806 -0.222437066801153 -0.0333302488767953 -0.0162398108703247
F573 I573 -0.751217385504838 -0.419805969767895 0.326182395890671 -0.269139422841319 0.344303503153636 0.750628263732736
F574 I574 -1.94185951936199 -0.325135929436778 0.376285334133791 -0.105222316434255 0.399219506501202 -0.270975419065702
F575 I575 -0.0291714710601802 -0.249600226148961 -0.298964257594718 0.138949787041477 -0.668180211000077 -0.284369801019992
F577 I577 1.0679013395918 0.438087486302915 0.482464431623586 -0.148432685260859 0.231370123843876 -0.0836007396232461
F578 I578 -1.9009704239233 0.00663880511622619 -0.747968098704973 -0.180702152162688 0.176045134306499 -0.403616500105348
F579 I579 -0.895565414348725 0.101996900828952 -0.290172425148746 -0.294279253002636 0.526408505383568 -0.254557817397156
F580 I580 -0.457646718760838 0.0740419753164819 -0.0355561400955925 -0.205603749585452 0.145276728812924 -0.409114225914089
F581 I581 -0.803580020328632 0.150393462685246 0.608029921465527 -0.0247122888589462 0.187488242550275 -0.0161955547876657
F583 I583 1.26833183045041 -0.305365547860005 -0.0889052008724737 0.0784258736898209 0.550205353020548 -0.247343145983866
F586 I586 -0.783757670874838 -0.111311704509672 -0.428268254525391 0.507230707900309 0.030406718618524 -0.245272235754942
F587 I587 0.654210281900454 0.209211184600255 -0.339589185172041 0.205520016094616 -0.163563747095438 0.537420520607318
F588 I588 -0.00834593612685885 0.603285119327732 -0.349328148960137 0.00209434889496163 -0.23787607288464 0.109157643694159
F589 I589 -0.983422807578646 -0.484250435351821 -0.145159259095957 -0.615633971334533 0.139719208981348 0.652768326888636
F592 I592 -0.736166861546113 -0.337221400359816 0.106001751542304 0.584557174535737 -0.0135301159533081 0.00770589078802239
F593 I593 -0.937897974328396 0.491564336009495 -0.573993817158476 0.835314498123555 0.3042069600029 -0.721891316432454
F595 I595 -1.62181370726512 -0.218803184871457 -0.54743542799072 -0.370665645310411 -0.236067626037845 0.606785111665789
F596 I596 -1.86955449678294 0.078343465957872 -0.0565839871382276 -0.564522995713429 -0.0866091809525269 0.172009251545448
F598 I598 0.103454089185371 0.43810213351381 0.0411064604833562 0.0839105858818574 0.0915486874488204 0.0242101545416914
F599 I599 -0.877830558796566 -0.587958653817798 0.38166754436542 -0.0883844434387934 0.173695878230787 -0.208004944511058
F600 I600 -0.902777893752312 -0.0732575456862725 0.179041427876304 -0.159374157554653 -0.274287696591808 -0.251471360774846
F601 I601 0.00550673461994811 -0.00515503371232405 -0.11764277113694 0.425021643616485 0.556723671479165 -0.0959216400508853
F602 I602 -1.40557291553941 0.12993259201133 -0.411576460632447 -0.19095607669765 0.346547112361982 0.228182626926518
F603 I603 1.30475384699393 0.160031421100204 -0.559900849373109 -0.211107272798483 -0.0129236028292006 0.164218059325517
F604 I604 1.37867391195487 -0.13206223430525 -0.496430197011905 -0.345036698419063 0.13747767822303 0.0911688744669323
F605 I605 -0.429592759084053 -0.214008647781311 -0.445054373471483 0.492273843989427 -0.131790364524475 0.488562396242188
F607 I607 1.65101575726223 -0.400666584091506 0.152514384279509 0.540670889091522 -0.404286572525178 -0.0678346259857873
F608 I608 -0.551233242040668 0.000448482683524051 0.00983424425433752 -0.0456458955862581 -0.574458376485267 0.158308187567883
F610 I610 -0.177676345601183 -0.159326160762621 0.569945424254257 -0.0213256559193107 0.188526039668299 0.457809436484266
F611 I611 -1.62228050402552 0.296546435147188 -0.375243601177223 -0.489650313963604 0.552460527697758 0.286093725637577
F614 I614 -1.30451373590907 -1.10380811279425 -0.344874587467389 0.249935522317093 0.18008926532486 0.104434326440684
F616 I616 -2.16075711647946 -0.22873128983459 -0.110037284020755 0.300596979035071 -0.0438557004946191 -0.450585671190472
F617 I617 0.00628283350537812 -0.271762195824222 0.179244565944223 0.213248336383938 -0.426928503824263 0.381386100933412
F618 I618 1.40389204510823 -0.423463626745838 -0.108730202037116 0.16849352524043 0.111746325463301 -0.410014643747581
F620 I620 0.623800429736333 -0.39735144140377 -0.378582649923457 0.182283462046755 -0.174760457994004 0.32258771478797
F621 I621 -0.70702975635883 0.467510162407855 0.0619574016515704 0.424090626943387 0.101288446181344 -0.624313869920346
F622 I622 -0.721087436859731 -0.550569091932246 0.0025176983442682 0.0836861272622686 -0.0106514121662602 -0.289083005962971
F623 I623 -1.11391491827501 0.173384182031524 -0.172002644363655 0.206055311099689 0.3049212776986 0.492092311444241
F624 I624 -0.435463533697936 0.465971430223451 0.010445346642218 -0.723382731078205 -0.373625350292357 -0.0784698169405582
F625 I625 0.604271690162757 -0.529390519689051 -0.229576460198097 0.0739160295626566 -0.174914780413305 0.1755567051979
F627 I627 -0.773516699155798 0.0629921644060834 0.220601394814891 -0.411573748531914 -0.0826178859208613 0.498618754184339
F629 I629 -2.1488693605236 -0.133554474268022 -0.379224802834229 0.286429927851783 0.188998262625887 -0.0659846161232511
F630 I630 -0.527256629927654 -0.316870591157024 0.238725237023606 -0.612637406497525 -0.632355030244027 0.716212734744051
F631 I631 -0.491113703137865 -0.143775064891656 -0.50715171200606 -0.328282794153416 -0.042625200526018 -0.191160100208113
F632 I632 -0.492780277974604 -0.398078723166917 0.00724069134564195 -0.298102617903532 -0.179832980502591 0.151064327019605
F633 I633 -0.205330166830899 0.106054388442129 -0.00500039012566764 0.690144552374966 0.103012133229832 0.241755618736553
F634 I634 -1.06362532467489 -0.0240426928997701 -0.0134881082139749 0.0908316918036205 0.02635791006542 0.28212458572585
F635 I635 1.03371964933506 0.278231824382624 0.0410898750684304 0.644418455452796 0.220060645329177 -0.267202837849275
F637 I637 0.251359219346042 0.433352442028371 -0.356008892723794 0.181173851538149 -0.703277811730993 -0.0859974216018087
F638 I638 -0.225103269891014 -0.0831559265080363 0.969201468276979 -0.363806934470544 -0.26838077364989 -0.0157015978521959
F639 I639 1.4524770275278 0.0318967182891062 -0.113669882624223 -0.0975678096498698 0.239673902748741 -0.460491861151135
F641 I641 0.0206368620115843 0.220709022283512 0.284747430821958 -0.0943955464732182 -0.4789594821457 0.263520175193091
F642 I642 -0.564573062526487 -0.188302099037111 0.0529737858135103 -0.224578805480868 0.182883308696569 -0.0616310398262416
F643 I643 -0.771123584548038 -0.417117438323043 -0.00389184161635673 0.145790516351727 0.150113321005955 0.322130041657709
F644 I644 1.03265546957966 0.471892881841618 -0.977894256657714 0.658956342398996 0.729214249197421 -0.136100078867952
F645 I645 -0.365265890861666 0.0720626324784772 0.372560880598214 0.0699498163295399 -0.0998944542209566 -0.145591473156478
F647 I647 1.61403089895611 -0.281520595791564 -0.405581252734966 -0.269274027022117 -0.415234054672718 0.145556712019511
F648 I648 -2.06684674843692 -0.229694962184597 -0.505942254597832 -0.121395179509154 0.452520177610126 0.380718747993812
F649 I649 1.04853945816968 0.333490413465858 0.623834185966114 -0.0128367691615266 -0.331287382799178 -0.132484220139118
F650 I650 2.17581208603968 -0.256454653085712 -0.374238531022304 0.102232655812279 -0.293680589428908 0.0333992783706278
F651 I651 -0.677867420972422 0.106371875794844 0.446988922760284 -0.332860838428389 -0.0451104469733565 -0.219220279313397
F652 I652 -0.689234725356675 -0.0606087901224995 0.376787878840243 0.141729867136238 -0.317609329282945 0.387473890694212
F653 I653 -0.148552979621743 0.556233476835207 -0.243827397336354 0.277697321666847 -0.229829839508917 0.436319609191847
F654 I654 -0.54136057796807 -0.108847706892123 0.0690073717806392 0.297702664722478 0.117102466592168 0.491137409929805
F655 I655 0.944809688875709 0.00786756543846501 0.938463466539457 -0.0431112308203131 -0.145476713431617 -0.399211289366119
F656 I656 0.460105387447791 -0.348519457807436 -0.267433361432955 0.360026079009262 -0.508347639671677 0.471363084732333
F657 I657 -0.0547721991084101 -0.0727472671401169 -0.0777698529703804 -0.177428483414574 0.677159029086593 0.636694473019448
F658 I658 1.41496419748922 0.0221548425651071 -0.286344704181704 -0.215634351123559 -0.0646708676685398 -0.266792609952603
F659 I659 -0.613718144581732 0.0520603606728281 -0.787991255017683 -0.342864498178961 -0.761057433069726 -0.199090451037988
F661 I661 1.07380205798868 0.650045764896103 -0.607825678601061 0.266854112724187 0.347885338077953 0.346346506675896
F662 I662 -0.497728362924225 0.112467155461022 0.711458699678318 0.308429002782198 -0.469303033189322 -0.167897600242606
F663 I663 -1.07931601789833 -0.150272646636258 0.085244054967046 -0.0298437199468179 0.297680775033499 0.477867999635048
F665 I665 -0.0258497038620556 -0.444725455811707 0.235510723882143 -0.126912534518132 -0.403831685070661 0.0100419940206466
F666 I666 -0.198878731668482 0.286779472854322 0.196297292453372 0.383683979703392 0.216216844310552 -0.0244540672456156
F667 I667 1.33874825164276 0.477619582213356 0.122889565809272 -0.134740600580557 0.300803967508862 -0.0861177361713168
F668 I668 1.42841320801353 0.0352209194223253 0.110823094731423 0.184229693664008 -0.270086999879491 -0.154106304442988
F669 I669 -2.07778191663751 0.18063677694986 -0.293473634952377 0.406736400109462 -0.426640196840423 -0.129680884881118
F672 I672 -1.411705362301 -0.0595512289226876 0.132613824607585 0.648078949399937 0.488062853346311 -0.104962176395299
F673 I673 -0.0319543680548495 -0.362743290326447 -0.28898507592271 -0.538640303490838 0.342281441025923 0.153088697826128
F674 I674 -0.334689249378207 -0.234753781666661 0.0469831903507433 0.154946283825187 0.108960697714591 -0.49889396001949
F675 I675 0.492724133471971 -0.309320532324947 0.227236616053976 -0.32791550576306 0.302361992322728 0.400750986384555
F676 I676 0.472382603524713 -0.441853300536724 0.00214038998012563 -0.186987635109673 -0.225854514304468 0.313065659624283
F677 I677 2.01961565161458 0.409047911638669 -0.101162404911496 -0.082413844584233 0.0967620977944676 0.0450335240612292
F678 I678 -1.14358590841372 -0.204680690850651 0.245238395226123 -0.218208956601055 0.476026976153001 -0.255150139929722
F680 I680 -0.932326562860906 0.0164300947251636 -0.0244507528196646 -0.22623947424441 -0.30664297990157 0.233056713768821
F681 I681 -0.361903398550969 0.114632195295543 0.515686495325464 0.224883334403784 0.611433772298851 -0.0450822426573298
F682 I682 0.172498746526779 0.388965820569029 -0.28126544713962 0.694726051690905 -0.125435783554 0.374385978917607
F683 I683 -0.538091681397814 0.0503511280171576 -0.346727457102358 0.481828511454125 0.172724781548133 -0.0171397853840574
F684 I684 -0.346384006262624 -0.147102922526713 0.412882403033882 0.434059915287619 -0.249535205539562 -0.413556096972391
F685 I685 -0.395843097988542 0.372213496804096 0.256642813772234 -0.176371924562681 0.0476144224255903 -0.0720547857776333
F686 I686 1.93285144848024 -0.0864707678869779 0.17971392300433 0.328471614972347 0.45028620489194 0.317894031520659
F687 I687 -1.78587105542261 0.551886865709528 -0.41270879452893 0.129261303574558 -0.0377839298996743 -0.00265889430310978
F688 I688 1.50898705527895 -0.386390771029685 -0.081221119288428 0.649458004902861 -0.286230240343421 -0.492289665940842
F689 I689 -0.0240943433381299 0.236572548145711 -0.200614856336717 -0.0743661725005671 0.31813804770569 -0.435920238364967
F690 I690 -0.213293993131864 -0.385460105986573 0.369439129751301 -0.481977059341187 -0.433840728515111 0.129098038368059
F691 I691 0.505118756590479 0.589176304249822 0.518873746705107 -0.174894363454875 -0.0279135468676899 0.339576092165045
F692 I692 -0.222895088002139 0.105143667776912 -0.248099849250745 0.450238865247999 -0.207189723331716 -0.0259700854881664
F693 I693 2.66979781519979 0.624245341380081 0.317495442088921 0.317130674111923 -0.18180813583912 -0.172819575372408
F695 I695 -0.24044762904978 0.00460430404017461 0.0483912424993862 -0.395556535607507 -0.0850632717122459 -0.638888034310262
F696 I696 0.183199058770147 -0.305002102188504 0.578876898163259 -0.570453491856855 0.398383817668885 -0.583604781819639
F697 I697 0.774890264791725 0.148171034241628 -0.604745730426982 -0.320353102804749 -0.502680962818611 -0.283402815681032
F699 I699 -0.364516898188833 0.0787911524399748 0.660647648955444 -0.326964782774743 -0.18730910499809 -0.422879440904228
F700 I700 0.213958071341122 0.139173097352712 -0.136765501759626 -0.200865956340899 -0.317931526845146 -0.0229196876063746
F701 I701 -0.252251702763651 0.488285924332753 0.0218469238866154 0.00821628571684702 -0.605053750422343 0.288399910012918
F702 I702 0.951489744055965 0.182219005723981 0.221778602307615 -0.270787316166121 -0.703418017197683 0.23985115218901
F703 I703 -1.23663644590208 0.223373066512393 -0.441239758934174 0.151568042118196 0.492500779391636 -0.122536702719545
F704 I704 0.00832378917010246 -0.0488924012125598 0.334801413351714 -0.102534598212558 0.353393553390612 0.349853132466585
F705 I705 1.179841996079 0.367428104590182 -0.226974136006301 0.0249383156356286 0.331798561354158 0.0877425871604522
F709 I709 1.26864120434924 -0.179356215436713 -0.17600492218454 -0.335947756420955 0.00028521857139833 -0.563104366657197
F710 I710 -0.0277818237425987 0.0239751119019 0.10222034385247 -0.10105265387341 -0.0841928547655801 0.48078605461006
F711 I711 0.301665063469994 -0.491971394272481 -0.0643613349334452 0.192720434211492 0.260158350946495 0.264657695334788
F712 I712 -1.08884192387345 -0.0282159739084508 -0.106695665583482 -0.386487686798262 -0.34732790422058 -0.312533097706623
F715 I715 1.00367122966826 0.0376283266102848 -0.11234279401572 0.178533514282006 -0.169334531176725 0.0495921534159659
F716 I716 -0.933104104016133 0.0320364748834202 0.198473805866034 0.0696562525712608 0.451678261998707 0.0992958104107201
F717 I717 -0.420371734762454 -0.261278754003525 -0.0383127084060734 -0.0172527766094263 0.289158970848119 0.68892884895516
F718 I718 0.549678634851841 0.0616059196513183 -0.624208471388077 0.167854799400197 -0.219376033963583 0.413563787498797
F720 I720 -0.603695407557563 0.236811867366026 0.182822764440847 0.339630170780609 0.197896804333769 0.00384671794487116
F721 I721 1.29494007778065 0.202283956085959 -0.115978116971498 -0.478318905069708 0.387341179078125 0.297129874063624
F723 I723 0.855470652898226 0.897093103305948 0.608159743478587 -0.333519361711497 -0.0186186963681893 0.0168509102530591
F724 I724 0.487400364225686 0.127794839146171 0.0932504255969064 -0.0441018278781515 -0.15534639234872 0.402654743076002
F725 I725 0.167884764694664 -0.331850308300843 -0.136721484104246 -0.371501791280657 -0.483303395331603 0.214868509130665
F727 I727 0.747502240707691 -0.0358213726818054 -0.554119721654885 -0.0980797129333149 -0.320905158061135 -0.129657808489642
F728 I728 -0.00108743127400424 0.986301684690011 -0.000253752465304677 -0.218752156330142 0.0319253124390272 0.215849215973565
F729 I729 -0.694218724434251 0.115765278368005 -0.277090934555856 -0.0572741660830765 -0.749316756837768 -0.792992746764556
F730 I730 -0.266749704488686 -0.361152812712145 -0.12425924238111 -0.20112551295282 -0.235415080241052 -0.407912938877286
F731 I731 -1.547365883169 -0.351872618495977 -0.560712361512277 0.327804683373006 -0.189593188461962 0.0368664878549626
F732 I732 0.511003934391603 0.0772185836654338 -0.175126491766003 0.0823258280973351 -0.162807447362616 -0.0401852858642385
F733 I733 -0.587493761345572 -0.0397054990743032 -0.216392088026579 0.159983277474073 -0.521443503067083 0.155762361857596
F734 I734 1.78060960371274 0.336344507651768 -0.102738935937615 -0.4652772680997 -0.1381558472369 -0.566364842959196
F735 I735 0.195388858676437 -0.177724437578051 -0.0595315234283977 0.544998140967675 -0.416251239479674 0.0872901286305967
F736 I736 1.04983336019258 0.0246872919359215 -0.0357780853132847 0.547045913322988 0.00420532061286432 0.0790562242762027
F737 I737 1.64424203196039 0.35664680009108 0.167241782525408 -0.301754166952169 0.0148434123107325 0.556009856873475
F738 I738 -1.46351579912928 0.0817658119857421 0.267593845749269 -0.315789459629371 0.139518046861458 -0.391839953165371
F739 I739 -0.133061347466432 -0.179223893299343 0.441077970965273 0.105042268657603 -0.552622594139824 -0.348630705113195
F740 I740 1.94748536917869 -0.0916765429584055 -0.152023802515129 0.172714399063631 -0.214019391567223 -0.0506559828007118
F741 I741 0.136611844639678 -0.0477476818396221 0.176308778831183 -0.17726995706895 0.0928359703620204 0.0389234648977574
F742 I742 -1.21655737717807 0.270812578824981 0.284395194103215 -0.0246363693342638 -0.325827267222384 -0.0626154817613963
F743 I743 -1.40684846817946 -0.603809634028134 -0.0332528277762227 0.178170783858959 -0.158567016646494 -0.0668448608765765
F744 I744 0.842439604008938 0.352801042289888 -0.325227583307256 -0.405053729837305 -0.206520376384588 -0.401775287546133
F745 I745 -0.799498442451619 0.14572284224704 0.090244960382742 0.423977652816763 0.0461887395737172 -0.140498248498553
F746 I746 0.413189005313082 -0.0421704697275135 -0.090433347966238 -0.627781466586927 0.194972242963225 -0.325954762070647
F748 I748 -0.663386680579063 0.635313397211462 -0.507356223002079 -0.391099732854693 0.108526679307496 -0.354898038272806
F749 I749 0.243444541978319 -0.0920322855490184 -0.0227005303108751 -0.0448251880856832 0.683594744183112 -0.483289441919547
F750 I750 1.28076702076933 0.52717989418239 -0.702779564003746 0.44272358376253 -0.505976592211962 -0.190682024912556
F752 I752 2.56148455074756 -0.0271808959167882 -0.464609350676962 0.18507789673841 0.459049426860105 0.212902057740999
F753 I753 0.607567995031029 0.45538062937871 -0.232465710231732 -0.0774820782789823 0.297420965570635 0.427673695736366
F754 I754 -0.504433428252849 -0.230900604959032 -0.277519350597685 -0.25435934562706 -0.0275971435305849 0.377290690384192
F755 I755 2.31151460880687 -0.317006976384417 -0.244027189660126 -0.792720956505153 -0.0658931033117304 0.0745712013318796
F756 I756 -1.33402270107246 0.266773051336947 -0.275945617337172 0.466700245348019 -0.213895916462442 0.11614341483171
F758 I758 -1.02134107869699 -1.12017567199745 -0.230816005064615 0.346805792357361 0.142254797644782 -0.122776070449835
F760 I760 1.10205850974862 0.200145155828207 0.111085876195476 0.322954486126515 -0.113687947395895 0.419274046550777
F761 I761 0.373430708756511 -0.187124901158403 -0.225213039579563 0.177051467272204 -0.313030528801558 -0.451487087910207
F763 I763 0.578331708279511 -0.503579086202748 -0.570590921650305 -0.299077467526534 -0.169178954057858 0.116339649475941
F764 I764 -0.441796462891379 0.290006858850191 -0.14449849329198 -0.16859735783082 0.306762757331976 -0.266547714843938
F765 I765 0.0800189676954198 -0.302567382754128 -0.40466270979334 -0.128271936125882 0.396930256786529 0.127234083285318
F766 I766 -0.0403381576573531 -0.279904748258556 0.212732247754027 -0.793067685874589 0.298459881024787 0.0315442577664703
F767 I767 -2.1660778698026 -0.0582417995293702 0.206712255118157 0.233770920821953 -0.499300452486303 0.586850937047046
F769 I769 0.280468723739809 -0.229829744080269 -0.685968683389858 0.173075938889031 -0.235930576973332 0.187162259871244
F770 I770 -0.329485363545217 0.600162075400166 -0.165959754425328 -0.128176854582341 -0.163376195169629 -0.565799583753575
F771 I771 -0.819609681316238 -0.202532727507053 0.302474876243983 -0.0473628210290142 -0.0824129136745161 -0.283186049794958
F772 I772 -0.154740791767431 0.167815197202775 -0.216869396644442 0.253863778709416 -0.265547890884866 -0.122537388329111
F773 I773 0.550933574346609 0.270618935302399 -0.0355895115527056 0.379221742422236 0.317382669019115 -0.456910296385941
F774 I774 0.651850791544236 -0.0123209851050339 0.470579260203136 0.67852264648107 -0.0160405441610906 -0.225966936619657
F775 I775 0.519998927352457 0.00983685721127224 -0.10617569985111 -0.385703761088889 0.0647208491849891 -0.408712972803381
F778 I778 -0.449240174704949 -0.124667021362055 -0.276170948687073 -0.317005017396503 0.00914794015735139 0.22851564034677
F779 I779 -0.179456325302688 -0.153930142285304 -0.0315425408560066 -0.0344259070831188 -0.286978234834992 0.0401054494879455
F780 I780 -0.739779214925436 0.140355622594046 -0.629710956794008 0.429009223972636 0.0165697264600293 0.504553732392037
F781 I781 -0.365154972931595 -0.191519777773799 0.312632494599997 -0.299783648964435 0.431289381310775 -0.0515198278854786
F782 I782 -0.171598648832603 -0.231984056682314 0.0104886337417904 0.0676927709786782 0.154814955108258 -0.00181526355720094
F784 I784 0.199358559072215 -0.314958272843246 -0.487820611913809 -0.0523413856026465 0.104939096124303 0.527694982821378
F786 I786 -0.819615373244617 1.03076214369537 -0.138096873956222 0.146041698172054 -0.0658791706179068 0.919354524879929
F787 I787 1.70085923180277 0.36545618886483 0.151150938885873 0.425768375954317 -0.215414873259573 0.219797493265877
F789 I789 -0.440798623289661 0.137886792775506 0.332717164368769 -0.28651080183572 0.300330134529296 0.224872680622332
F791 I791 -1.28294292970934 -0.289569769581677 -0.0929816964689612 -0.0242993982119172 0.377513490070064 0.246063502833597
F793 I793 -0.150827795468201 -0.230259766371412 0.0346000348956907 0.0999390374053488 -0.0396400673551557 -0.238139777132122
F794 I794 -0.591714319302082 -0.0766426016995295 -0.0940463858381338 -0.393319161426396 0.898984847187047 -0.553479738265448
F796 I796 0.291319430897555 -0.570136375543216 0.519969326000819 -0.330810680465939 0.569066163784945 -0.151450405516789
F798 I798 -1.2672781854644 -0.398138451334823 -0.403228302962304 -0.112847806452116 -0.808440456253276 0.0967948288282163
F800 I800 -1.00383834989017 0.18481879467181 0.123909266048794 0.516956966206276 0.104260875320743 -0.0162739397981014
F801 I801 -0.60423146972608 0.243804087499512 -0.409728405475452 0.106853325953353 -0.228181443435344 -0.621418699123843
F802 I802 0.882938817226134 -0.0739009898366956 -0.117628214184326 -0.0835468947256889 -0.54573808514689 -0.192508880624385
F803 I803 -0.773420699955743 0.409139142843353 0.436356626576823 -0.117134212929147 0.173023413961659 -0.107754943221094
F804 I804 -0.369780367007182 0.144407933086919 -0.130326377433676 0.738829873194328 -0.12618505284124 0.317276814889586
F805 I805 0.490706875603566 -0.235092104279031 0.496653176979434 -0.416091671635408 0.0798809986348173 -0.359570354215187
F806 I806 0.0699895547081353 0.118162372569977 -0.0696029266899393 -0.216424603517317 0.534157168304589 -0.0288707961104626
F807 I807 -1.40904068813222 -0.636705362654126 0.355019991465869 0.140339633752379 0.336794843625512 -0.372898358003634
F808 I808 -0.967200164878636 0.516822012685101 -0.326491842161589 0.374439702144547 0.142794618329855 0.115472462005551
F809 I809 1.16749455680666 -0.329101449061728 -0.368124442541655 -0.241761377698589 0.06773218287571 -0.0409248043894363
F810 I810 1.00939386000788 -0.0491550062599067 -0.438108978803058 -0.172194073965164 0.44122728251761 -0.136654553544265
F811 I811 -1.87582643650993 0.262960739798599 0.165990250744397 -0.252347143498796 -0.103921253343908 -0.0364607867760429
F813 I813 0.153331350622096 -0.199493017291662 -0.0344600342461828 -0.296022160330289 -0.30276649374807 0.932792628131578
F814 I814 -1.54733719081619 -0.0973222975171202 0.0356876998166201 0.47565837495842 -0.129495472889349 0.0652341638677882
F815 I815 0.437192258855361 0.0268092409827508 0.181087270652234 -0.847483917504429 0.304175654976756 0.207144662022914
F816 I816 -0.662367144947603 0.0583300756350615 -0.230794217713215 0.213820893845262 -0.0984452216278649 -0.304425912641107
F818 I818 -0.225579754323177 0.251131772794871 -0.0787784653736842 0.0947857859972795 0.25779061757789 0.13678345169415
F819 I819 -0.0568018749139158 -0.114612898235083 -0.377886286860271 0.221941090233918 -0.115218540492976 -0.398360014745647
F821 I821 1.09685229704239 -0.601442360656441 0.178518245168007 -0.0966333492145052 -0.45940390028615 -0.166924577923771
F822 I822 -0.00221678250380686 0.505162909822115 -0.289045084093223 0.34013856560345 0.00893412665163577 0.136642338024368
F824 I824 -1.58077024015648 -0.173195518065785 -0.155736261222113 -0.255161202385272 0.260561571447332 -0.504816006477418
F825 I825 1.06817440132379 0.0423157452378735 0.370559014773619 0.305044618899099 -0.183610798834751 0.0266315695466518
F827 I827 -0.21717615077329 0.677167553479039 -0.253808106445975 -0.145063758657856 0.0336053631518847 0.0240414932209439
F829 I829 -1.00096957464744 -0.239080759616082 -0.774283608061381 0.672039892459426 -0.190727578694232 -0.0848255417721372
F830 I830 0.872257276760958 -0.0106105139471994 -0.0237448333729463 0.0132713628597891 0.469798538289799 -0.292939134498834
F831 I831 -0.980069892794414 -0.182377669470296 0.00842272912585206 -0.520296098206785 -0.119513070507443 -0.150312514866667
F832 I832 -1.52884686779709 -0.000151341880156741 -0.279902772627018 0.251580025536036 -0.118431805073533 0.059579530335486
F833 I833 0.0453202565112719 -0.272200020063623 0.200233445740966 -0.240529513429436 0.0408001644403576 0.150187862508652
F835 I835 0.172881312662945 0.00854975658452612 0.243077838055335 0.0155388986348965 0.0135553331279518 -0.0303775449879859
F839 I839 1.00109855859218 -0.143287543878794 -0.169766389759008 0.18331748531536 0.330199374123024 0.156335662511563
F840 I840 -0.970801471831444 0.402504906450604 -0.369170306683321 -0.608312318309459 -0.388932549457948 -0.803887844792707
F843 I843 1.33207675080044 -0.418697812222881 0.0304560811873267 0.131711817983301 0.100082249016517 -0.34036850134612
F845 I845 -1.51184890310633 -0.0528961331726883 -0.524432100633695 0.386665374137026 0.301231168927519 -0.14437255333177
F846 I846 -0.715524232301266 -0.397275504851836 0.100353515048106 -0.153058453380004 -0.0579468941798739 0.319017096158139
F847 I847 0.586724388860513 0.520548763907097 -0.0934311911049115 -0.0906363363192716 0.0704952672645875 0.388152284404512
F850 I850 -0.806667752318591 -0.673931016914161 -0.652152776146573 0.0682923213928544 0.191349025870231 0.0838702789347944
F851 I851 -1.21660715698274 0.239901764358178 0.350304367834404 0.307348438695925 -0.0146916919068355 -0.217036153338009
F852 I852 -0.737197239186186 0.336861729063836 -0.137849470530971 0.187617853133794 -0.777493245374841 0.238323341979536
F853 I853 1.29167581379796 0.723332047164493 0.296213008136622 -0.430793751958069 0.00160218874182627 -0.568292069183503
F855 I855 1.51817578888264 -0.0306904373802624 -0.0853358959061205 0.20373929988639 -0.128062892835602 -0.162490856351782
F856 I856 -0.328944579715677 -0.0673220389153073 -0.388300976286312 -0.217490911432232 -0.303438437267107 0.0537022103267488
F857 I857 -0.627192737315832 -0.146676787827084 0.114837363572015 -0.0761404692406986 0.069049122270345 0.0432783357839606
F859 I859 -1.03476153132372 0.186810670043365 0.244915294739345 -0.383448093868597 0.18552120024054 0.11838800808544
F860 I860 0.0290226476095848 0.700114823184844 0.117357205727768 -0.0730023776647628 -0.69883731413507 -0.28094889182001
F861 I861 2.36486238603693 0.216631131860973 -0.0647339390989238 -0.271335099212825 -0.249211286051098 -0.360187856866974
F862 I862 -1.54228950924482 -0.151313309084089 -0.0370017099589666 0.526939861537009 -0.034488024686813 -0.09467824138407
F863 I863 -1.04688773170134 0.656402004391755 0.351468786339992 0.202938764393817 -0.19875973288286 -0.609795725466686
F866 I866 -1.16425096830783 -0.046851471340877 -0.152607638316664 0.303364393726254 -0.417524127699787 0.241711737096212
F868 I868 -0.850240652015265 0.154932086241552 0.166810422350686 0.17336393470299 -0.0990217427781315 -0.159388331793567
F869 I869 0.937023388899671 -0.0580936475230753 0.0402901239783009 0.359528621657732 -0.402849050984502 0.282761206315016
F870 I870 0.104935858671834 0.0414132296213464 -0.296003701486838 -0.377343145534485 0.125431027883008 0.742144646579934
F871 I871 -0.175613449960741 0.162253816022473 -0.0520929867194105 -0.0384759083508389 -0.162584902774051 -0.184864964014361
F872 I872 -0.536611724256373 -0.121130831705163 -0.327258750253079 0.0871031811878214 -0.040118280208499 0.165315094884792
F873 I873 -0.835992910579274 -0.093313715649194 0.578712113770583 -0.0222577066453534 -0.0896914485857566 -0.389006407143961
F875 I875 -0.120304915612955 0.46824993991869 -0.302219129505852 0.687747412822447 -0.350548887099217 -0.0150342798438825
F877 I877 0.649360680039049 0.0793408984423415 0.56392547662092 -0.464058791148268 0.016199475602912 0.00367932809053218
F878 I878 -0.752273086675512 0.229731186417731 0.245458052488269 0.121962000451356 -0.00391443649857903 -0.214571734698852
F879 I879 0.267909428702503 0.378473155708174 0.294785804871268 0.849413582326508 0.420529355282886 0.440808364455796
F880 I880 -0.791347281933542 -0.130384561224177 -0.190697556243367 0.474815578176398 0.256068639024809 0.0399552070478612
F881 I881 -0.0775409892300291 0.184614969658827 -0.127452917720856 0.757970452103473 -0.181423088504093 -0.9364140426493
F883 I883 0.516684335678911 0.0980657002046797 -0.0412939660518143 0.282882211407323 0.202684440958953 -0.425952526627268
F884 I884 -1.30876243354702 -0.250737399390779 0.226515058480161 -0.123756386432144 -0.493406257037017 0.422599100114754
F885 I885 -0.501311643704885 0.20120214257567 -0.191693169505972 -0.0780721682294704 -0.182226271940437 0.231727896677748
F886 I886 2.41011104286831 -0.480737229564463 0.000259310019903304 0.00621162662248302 -0.406910434702686 0.53883024841987
F887 I887 -1.06761918071642 -0.0633553799225519 -0.502860004020236 0.208381608105848 0.439245902092376 -0.663460990597881
F889 I889 -1.25814998573286 0.579777361497411 0.271706880899971 0.11306344098659 -0.272396516164715 0.281724354877558
F890 I890 -0.0977492673367504 0.350316613910364 -0.853398599524249 0.666182121434759 0.0897631281175744 -0.183623459630864
F891 I891 -0.513424264416573 -0.535979955668795 -0.468905496417821 0.205260590029597 0.077343336019921 0.486588310107996
F893 I893 1.06064773249478 0.106224045529195 -0.223935506081146 -0.170867187124988 0.0781546333540212 -0.0843248007987699
F894 I894 -0.808537136936762 -0.147746036294439 0.146183576425195 -0.497744370848519 -0.0784690942030903 -0.227838659275497
F895 I895 -0.298301454859217 0.0914811324002398 -0.266663844233529 0.243909064505242 0.253532784476237 -0.169009831284311
F896 I896 1.36663346100443 -0.0251945647117758 -0.008988975861082 0.296603950699995 -0.0864395034690074 -0.092313162248856
F897 I897 -0.801483889827866 0.00841626664140817 -0.825462817683362 -0.165287663391411 0.141078020593188 -0.507165218006107
F898 I898 -0.10754946881126 0.0332451169482822 0.224460023148962 -0.289981853503979 0.38353909627598 -0.401587489479974
F899 I899 2.80812848077359 -0.331630576634668 -0.258340470732275 0.076300691167845 0.16413800564262 0.269553596941941
F900 I900 -1.16730780867079 -0.283512032651626 -0.149584872384004 0.0635769461212394 -0.0154078369723446 0.152938156744535
F901 I901 -1.08620913392623 -0.146624645855005 0.251044506726056 -0.334742591363339 0.213820270224554 0.154478442273143
F902 I902 0.322907318545569 0.067251288658259 0.443309808598552 0.787078998679127 -0.314379597574219 0.0386574303427195
F903 I903 0.710798381191939 0.204071445515242 -0.110543985586773 0.0253520838733485 0.0282046081326857 0.395006234049318
F904 I904 0.862972714182916 0.177127196284685 -0.394677892487582 0.544519368335009 0.0329686903092181 0.262837747481746
F906 I906 0.236234838714208 -0.0527619525048713 -0.089275045035464 0.171637393317549 0.449512230863071 0.645204276993287
F907 I907 -0.754411197795599 -0.0456446853061095 -0.474797979760471 0.180751200655827 0.129794424112947 -0.0134526412108566
F908 I908 0.268046222863204 -0.266273852019494 -0.147541068549298 0.276055422576159 0.170852480843402 -0.0735506051110138
F909 I909 2.39913393686783 0.11947615352389 -0.0677082388123431 0.413581976528936 -0.335390275015149 0.446548282544412
F910 I910 0.275100255263647 -0.516143368686746 -0.0455732124345743 -0.116970610168814 0.169547167637584 0.0944185550108549
F911 I911 0.881670962232086 -0.11482108223266 -0.241522806209477 0.488501522415609 -0.0649474057356614 0.255615995258233
F912 I912 0.33366660881371 -0.0893550438137175 0.354601807572516 0.0476784858297064 -0.0416697778838698 -0.0900315613749889
F913 I913 -2.19043291899923 0.21445319288108 0.0581467535519207 0.0540043171374649 0.216128648538746 0.206777889747728
F914 I914 -0.435022128064603 -0.23359937507115 0.0894114869248101 0.0686639680301303 -0.498567896315066 0.226027061174255
F915 I915 0.614589070818446 -0.0076272147512679 -0.227181816272855 0.284404002424787 0.208183479128315 -0.336512587520108
F916 I916 -0.424561517203227 -0.449044819543794 0.00954462390829505 0.34505864130953 -0.277580042146589 -0.00421476776916404
F917 I917 0.856269336610176 0.133750778081933 0.185602423486305 -0.0219362243633303 -0.0102116388069168 0.400817166271914
F918 I918 -0.310731806218732 0.142401918715715 0.262315520597184 0.477009155320917 -0.43565764528532 -0.0228935715998037
F919 I919 0.624391957558917 -0.445352848535497 -0.391262433115379 -0.197231339297362 0.24868179408055 -0.226168890439855
F920 I920 0.428238136385019 0.0409461460023756 0.394848172120134 -0.36922976880366 -0.590595232133027 0.194705339041702
F921 I921 -1.23014027702458 -0.403610540721484 0.24867812323176 0.0221148290285472 0.187545842935067 -0.123651817907008
F922 I922 0.290388995822523 0.258849115771848 0.385386938642635 0.525280385017043 0.478026053961133 -0.462720339825063
F923 I923 -1.45005696644042 -0.487648991754634 -0.00221441337093903 0.311179790187799 0.545398490534669 -0.187096363842665
F924 I924 -0.817543510940173 -0.321715064811903 -0.152977055045406 0.592839012539498 -0.0972433604741323 -0.0675911314402313
F925 I925 -1.16957616562466 0.304970360719481 -0.232662274042649 0.260073104835565 0.0600537138333804 0.147666890827424
F927 I927 -1.53520147120733 0.52335658788908 0.0453336498905841 0.294671164768123 -0.185111619219068 -0.484741871268904
F928 I928 -0.893214682050228 -0.346643039905278 0.112865135658111 -0.31950917312192 0.0268421641694413 0.14141508451006
F929 I929 1.40909984445163 0.673710223855783 0.461112247614289 0.271795805708545 -0.286550548681727 -0.248394522438478
F930 I930 0.713604228695412 0.258810489907742 0.180831761900509 -0.344530130219826 -0.0873243157498763 -0.154931613311059
F931 I931 0.47967861760604 -0.499625023845642 -0.257890715115149 0.0362332423604813 -0.444209230479249 -0.455910487541719
F932 I932 -0.262980417564837 -0.101528665148668 -0.196303844305425 0.128152889706296 0.0579209756166458 0.243483846266399
F933 I933 -0.3018428992 -0.528126721488787 0.425076913811299 -0.0712666612146772 0.125236054820354 -0.313372928038446
F934 I934 0.363069279878997 -0.276172432739976 -0.307065311575394 0.474945506017765 0.129789925205862 -0.0244148402892473
F935 I935 -1.02625853784413 0.0151099605193979 -0.0574682166690827 0.0811263453109402 0.30452329235556 -0.446103670398071
F937 I937 -0.188233950981999 -0.663302969591399 -0.487208359917146 -0.0770481883245172 -0.167231964576438 -0.252408372157616
F938 I938 0.616774278474163 0.332768404908348 -0.201589018406138 0.197938723929951 0.388123629408043 0.078494549181425
F939 I939 0.289780898729053 0.161486193556837 0.127393615194963 -0.391103630256494 -0.631296581883985 0.790799231447062
F941 I941 0.808949481572244 0.164157571627062 -0.0608589637488685 0.0881823314352309 0.360996247999094 -0.0243009717893822
F942 I942 -0.689329427385982 0.249702894311359 0.321028073826656 0.0605878849228627 0.170034491076602 0.12764544318934
F943 I943 0.0171936325067651 -0.246592930842142 -0.19418177050929 0.219032747084936 -0.357989745162359 0.195414603006029
F944 I944 -0.640287281247995 0.214198823639228 -0.362331777106323 -0.193701731171814 0.0974547972687854 -0.189588702841539
F945 I945 -0.226448889022949 0.201326869017129 0.141448516743714 -0.125802925497728 0.715291632375205 -0.52856955167746
F946 I946 -0.0346497542838253 -0.0239183882816019 -0.213872854558492 0.222970838532886 0.333880582585955 -0.119604208858597
F948 I948 -0.379091478384642 0.618880365506675 -0.125166695272917 0.0839921978366672 0.776923908056918 0.247906537307604
F950 I950 2.28451452983701 -0.352176908660463 -0.273967921254081 -0.305278926074231 -0.261544578118686 0.1070060518419
F951 I951 1.01882448589313 -0.340525666712584 0.561723578538391 0.210584266882078 -0.152211713292347 -0.0337581616098243
F952 I952 -0.834635314939934 0.0346173790333912 -0.345747056418011 -0.139461227552511 0.232478825837858 0.558814899833373
F953 I953 1.3727204909235 -0.645266062408243 0.527478200816343 -0.183964978330394 0.203607415181412 -0.0170515327134445
F954 I954 -0.808949850267666 0.0150484641241594 -0.107093946104125 -0.110126742029363 0.239565540178494 0.462990740664453
F955 I955 -0.966422946223552 0.24493481741593 -0.0934774714815297 0.448429717363373 0.153063603730478 0.670522374468583
F956 I956 1.59435828537643 -0.209752991300127 -0.235581295344778 0.467108120929367 -0.0159756089900415 0.381985597562925
F957 I957 0.755760098584248 -0.542121429491444 0.191829338036584 -0.300026003360179 0.397039154634253 -0.237671478945117
F959 I959 1.58132072742347 -0.26264590170071 0.015883927508974 0.0918122045936138 -0.478913324582754 0.369018742790436
F960 I960 0.0125889955346679 0.209056214085458 -0.283525342186996 0.280657919846473 -0.0519039251754318 0.540236750923384
F961 I961 -0.432602410762257 0.148987005609223 0.539368530912442 0.286282038396681 0.111751342519818 -0.451004178453497
F962 I962 -0.942121129056626 0.2419248479384 0.259254257248098 -0.314239476952666 0.188139901528798 -0.377434505788508
F964 I964 0.438671210250615 0.0704443893107971 0.410615703496142 0.054211557862412 -0.660276375518522 -1.08007770280792
F965 I965 0.238010812610933 -0.272124290053114 0.859494777766854 0.156995986178999 0.0770165401956676 -0.14208965328862
F966 I966 0.095378771474777 -0.19933688798346 -0.0681989846295093 0.173357507184901 0.283584876961975 -0.0907913156260387
F967 I967 -1.03843968811399 0.47506319623102 0.131196756326975 -0.396424472924994 0.0519999105549162 0.0265762842005009
F968 I968 -0.958969977233424 0.557847485836657 -0.020634948556057 -0.236309447329372 -0.0310845012525647 0.0752867865197999
F970 I970 1.6652198892408 0.104790824352524 0.352944325219237 0.145079585318455 -0.186696885603135 -0.19423257005253
F972 I972 1.04035442721002 0.471831210613407 -0.188091386533082 -0.288833618240757 -0.312204497300728 -0.203217722101219
F973 I973 0.191353193803341 0.0041650421539606 0.135942241282632 -0.172537974103612 -0.322969324858718 0.487129115821141
F974 I974 -0.0535518282284425 0.138643631711083 0.166143336764749 -0.210910823421618 0.241146244925036 0.349952175599714
F976 I976 -0.64200332540083 -0.249620401342002 0.16626392717864 0.15632038163223 0.27778925048837 -0.293031830883158
F977 I977 0.666087160035269 -0.0911021682058296 -0.132873678554974 -0.437713982877212 -0.265956968950462 0.426983036425057
F978 I978 0.474471168805944 -0.0623740041939963 0.0683930635417695 0.1965369845773 0.4526540090412 0.0750896210846059
F979 I979 -0.553089397077597 -0.382995910454076 -0.0757389830294462 0.403711900093553 -0.580126371035247 -0.120425046167451
F981 I981 2.68909174634004 0.523156354194853 0.185339182895434 0.259932299397206 -0.104230312905896 -0.275951403199522
F982 I982 -1.35440621717616 -0.18134745827667 0.39054849076314 -0.304297762654448 0.080132376038602 0.136417397557883
F983 I983 1.31503490685036 -0.0623665917840559 -0.209524474372594 0.612421057055311 -0.57972188621697 -0.271187341900775
F986 I986 0.88849451417017 0.000674549823368936 0.284959589084974 0.154821766355518 0.236665371897375 0.0428677452061529
F988 I988 0.080127777327934 -0.656063663132264 0.336985002477165 -0.230726500920908 -0.45119099762172 -0.254427159965951
F990 I990 -0.00929737767346028 -0.338355791880585 -0.296439224154713 0.363089255927017 0.786572452827501 -0.0719841578616718
F991 I991 -1.66533668004306 0.0357152745574783 -0.625349203415341 -0.365891230132071 0.367342384944717 0.232949858111099
F992 I992 0.551095684696995 -0.0146087640142346 0.0786414858078428 -0.194709374886587 -0.386537542272306 0.120092351988894
F993 I993 -1.92887952464379 0.150397453543195 -0.433859297953169 0.41181780541009 -0.337999373725275 0.0963960507456056
F994 I994 -0.399146415811436 0.368217162729891 0.441590302623021 0.357790927071783 0.0149060295889548 0.165241640494024
F995 I995 -0.171989006259365 0.108612313330085 -0.622077277154062 -0.102571118155627 0.012202208346526 0.0584228562946295
F996 I996 1.57059702226912 0.597971014749723 -0.406412917565102 0.575244842711136 0.435856823467549 0.280828670459281
F997 I997 1.0368512955484 -0.391214438609688 0.0898308737431253 -0.130902291770565 0.0908260541584 -0.200401507706223
F998 I998 0.874287494090461 0.0353729706426009 0.09502451134203 -0.307074865892431 0.273885878929602 0.284393528355095
